20
10
468.7856037861 735.0607727047
411.0520426026 142.4047337117
590.5994249211 40.3623819235
452.6476954984 134.8254337031
948.1236694265 665.0495851046
715.4365936920 678.5559876946
290.1974148284 66.0689343776
979.5661521609 529.0091473731
243.6888797482 83.5014836823
888.8121147504 315.8317191563
10
788.7940672349 548.2198041496
594.7495015020 616.1613420430
829.3172292884 171.7032895590
277.7139742294 480.3016239732
250.9652302389 219.4730184745
529.3710341449 597.1259009288
145.7902245309 109.9641029982
338.5788884235 744.6929067438
164.5705243453 678.2369126712
869.0171440481 765.7960031242
10
965.9717421071 724.2141853585
610.1593205953 877.5189472623
793.3554733802 959.9757443801
441.4778374398 26.8282430366
78.2824096860 962.1388949886
48.8735578098 184.4582394068
827.6711407619 202.7126392209
826.1322909140 207.8361707204
463.0400637895 489.4821030783
902.9134600238 645.3864369672
10
367.2462736247 282.3510904908
994.0741884015 419.9930135218
178.7457381449 731.3782542538
86.9314430100 786.5786442910
760.1376694825 210.8178617891
452.0501064751 784.6461806200
349.8779769362 410.5342577023
414.9824463118 938.1735687606
749.2668667363 190.6209439756
258.1089261411 315.0376678945
10
989.0231437370 12.7257167583
10.6845617943 989.3105667417
292.9596090728 44.5936493601
854.0578071797 300.6639370715
542.4345790286 717.3448633704
723.5498146461 944.7596307673
442.4446758158 351.3261669165
839.8610208383 865.0801307533
566.2116864138 547.2667977053
620.1964189045 965.2096190667
10
810.7998075376 899.0697381828
742.5945655049 107.4975384855
876.0053121600 632.6777734182
317.8371616005 467.2702865899
273.3778999130 221.2957363735
356.5087755832 980.7559969366
877.9429093171 624.9398476158
526.6967522660 708.2715631689
366.5842027435 531.0237015673
58.3287131890 80.1904704188
10
425.1008264043 469.3731836592
287.6328156599 972.0225844751
86.1152953716 79.8371664154
888.0363914514 103.1084351427
745.9914324364 838.2187683528
712.8388945506 716.0594383962
493.5132286929 38.4744747369
917.0485441394 444.0354723159
830.1229925002 151.7184439629
621.7088528272 147.5684161728
10
878.0463953366 724.2601949163
588.7476282528 68.2425782641
482.5385815479 99.6523797989
842.6916077864 172.3160163574
500.5972483945 269.5126283284
515.5379795516 791.4082051067
726.6009955752 983.0813277524
810.7355205673 294.8844790178
701.4359562391 833.6378376278
573.7367145347 142.2114420272
10
795.7065017492 644.1584470499
562.7301752050 982.2936927072
566.9717365509 521.9593135784
923.9088597885 416.5509032024
76.3650638833 351.4663634102
246.9804050668 644.0787368437
120.6899969665 713.8174489886
34.6871995924 546.7002279404
761.1935277173 475.2071340776
187.8518960251 793.6547891654
10
830.1378289957 466.6581235856
463.1437338585 213.7636759485
227.7504861047 736.2169275090
969.2043646279 25.2221330644
388.7383096013 631.3138682853
453.2357355549 989.2696396888
62.8757342200 42.0925039283
142.4788987885 286.8348075960
809.6451042584 784.9820628244
519.5994710708 940.4130954676
10
594.2114192117 798.3095899411
765.8589381485 562.2546381797
636.8729459241 482.4447815994
863.1709032584 708.9152995814
154.6873238422 502.6183892674
430.4284807778 2.9663751829
787.3577173665 55.1616722809
989.0835418726 109.5298807765
695.3731307488 613.3028382831
418.6387362337 165.8430224704
10
985.3420074533 491.1322434928
415.7011658539 167.1430165295
37.2604269629 773.4375225047
224.1704068655 271.3205412258
343.6498958430 744.6305522956
64.4436913672 962.0475444253
105.8461908648 721.6925223207
534.9946694229 619.1443113911
459.2021000977 760.7511520710
919.9019947897 283.0284262548
10
722.1319811243 725.1296223808
154.4696807880 320.0626491647
115.9240760109 519.1979507058
689.6220621295 996.2470584936
109.4976597534 965.3492618795
475.7044654742 252.7212565442
966.4845433325 0.3161693185
218.4716989896 538.9042499598
607.2655483725 301.0559930696
743.5817095398 426.4245894738
10
866.1563480861 447.8888012251
525.6349460407 843.8374524224
299.2787384256 420.6667921517
950.8207613878 224.5034529854
823.2371315522 188.1243020078
832.6122966171 904.6223121868
658.6973252908 853.4405266648
705.1472940947 397.2886267604
356.3662008585 941.4844919101
976.9366990654 352.1425525145
10
978.5731554513 113.7552274044
539.3592833398 232.6911469923
732.3130879886 445.1646006785
176.6409485932 701.7460675061
252.8219540935 840.0374262637
483.7248451123 73.4604413577
338.2509242960 204.0249116807
0.7813553201 970.4956480817
131.1799659690 435.1640305508
548.4954095392 659.3532516452
10
555.4208167598 703.2144542746
981.0815336273 342.4700688896
795.2974342846 617.0437460865
63.7833004458 304.9879854970
949.6904910876 933.1071192285
196.5428316024 911.9325261788
171.3926515668 152.9579724838
966.1548343685 345.9847605218
328.9072305547 712.8188488113
646.2334409465 167.1243628277
10
530.5287554576 483.8198194080
808.2446896598 81.5828701920
739.0953779523 794.8980999020
171.7892863950 219.0065347481
709.8321917624 423.8388629846
194.9570452223 730.3734585818
984.5548989487 187.4897307797
677.4838687549 704.3110094333
380.6613225428 727.0742163947
121.7899024209 6.6544362061
10
876.5280080745 155.9699918285
358.2944225936 885.0697856247
706.3936343049 371.3854021972
535.1081104107 367.5949015631
839.7497465599 345.2361293434
669.0107632507 215.9151285877
67.1677030477 242.1002904293
87.9555616499 197.2740383547
158.1080837981 40.6426378496
831.2626038529 495.3573676091
10
760.1557922738 803.2528411178
152.2186949667 580.9113492355
330.3177135143 985.6689574176
743.4278851325 188.8881571860
948.8806192772 826.9138227557
665.7507192906 1.8916219871
379.7039163261 732.1746485697
48.5466634935 624.3927645929
146.0270735607 361.7650186025
12.2630516755 635.7999830053
10
939.0280857181 516.4390914984
655.0776531797 462.3590073557
185.9407384213 577.9782171968
753.2368510608 592.4195652178
560.8395657925 1.7737144399
293.0688610888 576.5118560964
512.1734623710 676.0639755138
730.8444013146 959.9449103533
320.2100711457 371.4580832594
985.5143479493 447.3603703304
