20
15
800.8293606766 727.9199815573
263.2347298813 554.4736098681
598.0240815749 357.6216773829
791.3176364785 415.0283496908
510.7922698450 897.1467549718
255.5871906732 987.7060273879
12.4248164694 70.7857743465
736.5877603320 378.9256552544
788.2616848705 844.4844207181
114.0326610877 764.8300729756
820.3596264481 367.5336896543
149.6903769559 161.6695762270
289.6404350557 62.5317964814
378.9993430997 495.2623252023
513.8224352637 298.0298274447
15
272.7251374630 126.1385117403
504.4912328081 421.0853388700
278.0501219276 348.0009839197
174.3418913265 583.0091635639
989.1739592330 968.1267059541
270.4009150790 904.0317387218
669.7259441750 527.0476250984
785.7042322339 649.2591555735
557.9082511968 350.1084794405
833.9381487753 836.7207812457
833.0721330161 635.4026233576
435.4504811696 301.5761199500
327.4566071852 952.0450846440
153.5705046641 738.6623881250
764.9938552627 341.1266035666
15
740.3500577098 394.8732389973
96.6002279879 468.4855776645
429.9302989176 901.1077343590
905.8335050615 545.6385918171
270.0097969545 588.7273899019
120.0294285583 219.6607345346
737.5877684425 192.7371567859
258.0863284245 46.4104637418
462.8215412586 795.6613455228
94.2200416239 355.6912971773
678.1374725497 69.9815965192
582.6064485452 23.3979746068
708.2081932112 418.5969715000
604.5899781308 493.8318198202
74.5420795029 453.1269129804
15
993.7025609973 601.4586886933
369.1711916030 880.2193754372
560.3757969611 258.2144602819
93.3647670541 843.9069097172
446.8097385846 537.4931371269
949.4193142998 583.9684532167
478.8891165277 802.2035174608
504.7300770935 239.6117257503
692.6738757427 793.5700772019
985.8776179774 8.0794224368
312.8371760782 108.5707533810
281.2568444493 683.3623594346
909.4344521979 536.6278784620
260.2593982207 107.4922062083
650.3632593068 749.1091251413
15
529.9229458493 70.3188165851
338.8397442446 659.7355360562
541.2536813293 256.3000609743
993.6968051803 904.2520057412
675.4497705710 713.5166717745
288.4090149468 268.1025552183
367.3719933743 446.5764502542
729.6561236994 729.3216675152
442.6594227347 751.9483609299
631.2885969447 806.0877279494
699.3071542417 214.4871127123
755.4871590610 563.8389202658
967.9375430384 69.0121621165
906.8565690634 804.6600736140
488.7446424522 496.7303024198
15
468.5828424007 516.4489190130
851.1972568974 372.1892619971
26.1992822528 496.9743142187
784.0872962065 229.3781401445
275.1537064791 493.7586309061
22.6100403540 535.1262834461
91.2685041825 366.2768251547
890.1025849807 449.3761410266
941.5574685548 913.6983054759
867.5334757049 78.8736596732
604.9836128598 682.7218879926
699.9927513394 70.0344021949
633.3356338046 530.6591272311
143.9765824060 236.5741832972
423.6956648278 869.1319449986
15
386.5456119469 987.8575151453
88.0277605821 537.7831275523
741.0673342954 14.1549557944
65.2029924312 299.3795557980
274.2793732494 224.1014293085
176.8555174032 850.6482599942
242.8388019848 87.7385961406
455.7900733734 955.3694576300
799.1497896548 200.0245577826
398.7883999696 272.7696750673
557.0584928184 581.7023439028
774.6158048539 842.4610162429
498.6541493581 614.2900340410
585.3334517583 610.5606649809
489.4650234655 56.4304788033
15
832.8377774169 853.1193970125
233.6828059424 970.2722283787
380.0594301238 857.6992402489
291.6713043471 238.6692342513
829.0440257583 210.6523649251
622.6200061504 685.2674658996
360.0015260602 233.6465092658
877.9125809407 638.4254044069
398.7095877787 899.8720757357
856.7309908060 892.0639929539
848.1607267041 223.6847728120
412.5892633191 689.7835226722
36.2050589710 278.0329222839
767.6584333587 51.9498862455
479.8313959412 421.1017714713
15
808.7004106285 790.5703714045
117.1434454303 349.8112896970
128.5021946404 835.1164058573
204.2341258170 982.4042937388
508.1851155165 360.4366065360
395.2023902695 744.3431519437
992.7095061260 850.0792146822
901.1456247054 852.1726132362
201.4173910906 427.8046000840
751.3339622281 950.6455911968
121.8531613128 538.9419104209
194.9018309468 112.2751790853
935.2992673922 119.4937891592
338.4074254574 96.4265206481
387.6427230146 798.9319014710
15
793.2680445279 828.8861681965
127.6564156031 403.9284989010
641.3174777226 924.4180556150
862.5931174759 854.4537909794
321.6003789873 243.6608146575
717.0945003020 695.3440698133
707.1376991803 970.7890217501
450.8556846623 80.1809413107
971.0592942266 470.0237639837
348.4121931781 417.2940593254
34.1360159824 137.0883705179
213.3568477475 63.9070804324
406.3796415235 686.6731917530
845.0073900237 293.1426193758
322.5135519681 905.1807132828
15
594.1872814347 288.7337360011
243.8749538209 760.9061372031
995.9124493317 196.4573898340
38.3382602680 608.2910887827
529.8797361627 584.0807061631
618.8634420002 62.5708869301
27.3835087081 369.3909753487
593.3199025537 249.7748596315
852.8539678117 289.6495085310
978.8601372171 389.5205913591
456.0056510944 486.2204640546
312.2811872343 24.5387956442
406.6035634326 612.0311080930
676.6985684746 713.6383058162
375.0514423715 527.3780465736
15
962.2023899929 17.9835691669
198.6712618140 455.4402543607
131.5062530716 430.5181573559
564.2832751276 160.2743816656
98.5117212052 934.1744717155
346.5105249766 709.4817480496
392.9079640153 676.8979074820
480.8386097711 849.7680520819
925.1417789442 28.0655249548
26.5726832423 179.5076691825
666.5172855117 911.6180224740
20.4631575850 546.2806656268
300.7208079258 936.3921719381
614.2315717737 809.2450579555
774.3262857860 75.6028463369
15
714.4227163189 975.6234626517
310.1911544032 601.9656466346
756.5371895308 84.8809039659
619.9844034761 746.1998068106
699.2985416396 121.0795042837
538.0264967957 947.4999096427
634.7941515896 372.7100202489
685.8218861948 214.7467379749
381.8465688811 269.5101348758
926.4273645134 776.9439470585
214.3411072039 245.1497939530
381.7650011212 221.4548175775
121.6373984984 643.0054507278
225.0519179020 44.7769334453
334.2272271129 874.9069143629
15
103.3225590021 641.1008544059
376.1398013406 405.7216581909
536.6096109145 176.0814046216
897.1026865720 702.9528917939
797.5828574534 874.1992714815
925.8609688628 956.8307906898
84.7636818869 637.9912920814
530.6422313375 192.2789381679
699.0459912131 213.1125835912
596.6433561889 408.8788717369
980.7032324985 170.0281431412
138.8333466760 145.0561383657
632.3802463663 427.4422948493
811.8276457031 669.3726094627
746.0985237146 17.5598961582
15
325.1907726831 324.3962735175
429.1736251969 649.0305456419
855.6820658277 209.2614110517
79.4378476580 361.0815427476
763.0896741254 901.9483760460
455.5585143667 269.1000530697
446.1230870064 31.0043593023
348.2822989802 653.2809561251
649.4764880257 320.4424466036
698.2281530117 20.8785738052
311.0616988515 417.1976195043
851.2735320567 230.2460520003
677.9423682755 418.7326552751
482.5993457353 976.1300078001
221.7300972037 544.3942690873
15
227.3025738689 16.8814052938
15.1240599733 583.4686347704
455.7809659944 350.0234302099
53.0756210219 203.9717415472
332.5112182733 975.1526480252
981.0339303950 869.5105138521
102.4323253010 983.0914481510
36.9042552572 167.5550083797
285.8883377666 991.9265547052
100.1387868561 897.3797142517
516.8388864636 830.7636968417
123.5438970888 330.4908207499
827.8670092527 776.5702663110
559.7463976319 63.2370467314
851.1149083907 875.8563349624
15
801.1021736186 92.8155272087
891.7792336646 884.6004810488
820.8508881540 372.1368139460
105.1381766894 879.5062432645
107.5860337277 696.7630851594
56.6444448105 641.9784988858
94.8834704071 696.4061274842
550.1533596174 38.3623655937
986.4779379295 824.4733825215
561.8113613461 230.8110973608
962.7859032171 250.3231894443
580.9401695698 232.1111026944
920.2372758739 813.9576081397
903.9006509384 887.7511241878
973.7441588108 97.6719770755
15
216.8387890689 449.7863483904
595.0887709440 292.2163512313
789.8297541374 753.5058915084
604.0629748127 735.2685882011
720.0778838927 769.7668483730
633.9528716369 812.1916397811
493.5984539107 540.5072831654
806.4061290543 410.5028484629
143.8304723739 177.7180210104
685.5763638725 308.2442381928
956.5895060425 682.2344373883
690.3363778492 819.2520947112
155.2322667774 870.7414617686
828.1023858508 853.3272468824
853.4661854088 898.5669189381
15
738.0033771771 53.8454530754
804.3887414962 806.4703887891
186.2884761965 579.2694865000
295.9929174337 356.2094388454
27.0644698881 564.2482957541
154.6257908514 212.7238015440
284.9632913640 531.9158148324
669.2351478771 982.4260286693
172.8796353359 250.6507258513
24.5471735184 459.7065398608
574.3356721464 871.4446592796
169.8708831557 722.0699560194
43.8314643853 150.8984549905
170.6942377797 178.8749669393
553.6240933287 841.7182541274
15
376.3192372530 420.8807790119
77.9543868322 258.1656555009
413.7549208874 852.3400325631
980.0724120584 711.7260467684
511.6496873623 117.6247777797
763.8922462581 496.9509208151
718.9064730649 981.9025417975
72.0429183623 0.1280978495
680.2769855764 190.0514623306
116.6259168987 304.4758074109
737.3890677577 299.9678467368
467.0436321591 887.1140009365
869.7511214256 520.3243113943
626.4424312950 23.0458827148
551.0724721432 295.1073243437
