20
20
388.9358783322 335.0909275643
489.7056028778 377.7536366658
656.4325678569 744.9462707042
748.7417487061 103.3315037953
970.3956902935 503.2068641482
559.5451296714 2.7910448013
303.2971626716 431.4794627539
173.2794961446 274.0378179222
474.6119613914 959.2552529087
381.4730715303 797.7768593843
357.0360418846 419.4522592904
460.2846835154 781.7324804443
985.3140827191 501.3462556209
856.5856342155 636.5348510312
852.0634632835 393.0574766669
468.2925376443 551.0124962954
483.3446247471 38.2821187260
910.8194016605 945.4461188052
486.8584082438 59.3938881907
169.1990311153 39.4576556576
20
532.2010183167 137.2844262649
714.2113999663 19.7119956456
577.8678137913 526.0748467266
712.5308136689 779.7316429627
136.8353258114 411.2326586883
28.6692661227 835.2362817728
779.7426081911 404.1217168097
138.4145119732 901.1777863270
669.6335618521 578.4882646800
527.3624819816 792.3903390601
826.2575351454 931.9654449859
956.5639676135 365.5706993200
86.1892465355 408.6375191008
197.1584193435 916.6710755961
26.1081924999 550.9880302023
164.8691903128 449.5582388512
690.5974613034 15.4516747159
838.0831917990 87.9361691776
52.5209446562 615.6484026004
155.8344532727 119.4135265318
20
362.1400266822 423.7056462100
571.3506020448 867.7333680428
513.1843191843 402.1165422279
162.5557057024 260.8077863152
296.5836804362 337.8325943606
597.7334685336 530.9065236332
258.6337423957 361.0101801802
609.7305391063 763.3954610342
544.2311069362 63.5393108027
465.8506960312 10.9214838824
151.3378104378 520.0269513005
557.5509404247 203.6357596638
328.1177801597 720.7612356641
491.3896626625 255.2063447049
861.8454037118 354.9767227232
464.3660115712 568.9477061561
200.8865979871 344.5831635805
991.6425316826 343.5608390676
326.8687439260 90.1029670568
777.7881702879 1.4493486677
20
217.3440652535 632.2560759349
489.1525112963 867.5815135546
920.5759193914 43.0984124549
306.5712041587 512.0205119024
321.4403777466 94.6354306912
73.1421322590 439.2550019723
507.2328338280 365.6919704140
508.3797918781 968.7997124404
509.4802246875 613.9585247496
516.6221582346 180.0813031870
488.5039539810 475.2880360203
115.8302813681 708.7865587998
782.0559356727 250.0533569078
334.4698082229 817.8985976239
339.8250840486 114.9445952369
42.0196900961 498.1781529163
970.8800411804 838.2104471073
610.7108457522 181.1601688543
725.5829250614 382.2418986017
7.0448323492 63.5228874126
20
130.7803310281 950.8161161145
574.6769165425 798.3086821028
206.5158451989 738.2147734874
326.7172846780 995.4482800206
313.7390873262 807.5035836250
704.6779859537 775.3396623875
232.1396886914 948.4262267795
213.0958581092 200.3003358798
372.1822668694 173.3581485645
324.2361435363 869.5580808563
254.0541823646 114.6665938010
795.7113472618 802.3227635720
461.6464598337 869.5997030850
747.3328095348 25.2746041418
884.0732684749 466.2525629174
637.0516233188 19.6454441244
79.2019839718 80.2587495158
145.1997585305 987.8803166747
267.3928050309 172.3327145324
872.4091777738 127.6731095213
20
688.6333081457 419.8614985682
105.8279315866 42.4171602491
50.5562637139 550.9343919918
562.4697187206 33.3591554294
114.5214200705 899.3267671401
234.6546109582 263.1368762992
829.8401827305 200.8978067973
595.1514329824 796.0575005297
334.6778271619 113.2293452822
789.8903194204 805.7949876943
231.7684552320 116.0284380287
364.2780528044 881.2273763336
80.0898494851 266.6419124391
844.9537144735 503.4332379523
155.9651204561 291.3989188173
816.2141431352 867.6307005131
186.8042610677 8.0958776479
664.0290931305 526.0641109618
679.9396374199 727.1416249110
225.2522896517 408.2340441167
20
388.1175497594 991.9992309086
765.5406760051 819.5881578763
482.6969388316 593.3814285008
952.9810402329 342.4310310914
876.7000017915 293.3431423949
511.9721843608 583.0979491605
849.5467651581 809.6073289283
476.3505578948 599.4006372993
19.6970843761 841.4206500640
273.3650644126 618.6029945875
850.7007139578 696.3995326076
967.7508306105 49.5295694201
66.6398039574 584.5545858264
812.6984656655 95.7196406426
256.8476921475 303.1894523185
10.0812864811 785.5626019209
457.0437689118 961.8582726129
261.3988668033 885.6828570488
580.4987978267 390.3199343196
101.6970344225 22.9659452986
20
215.9728183059 135.8472178808
696.4030580438 57.1443593357
271.2816215060 843.0200799646
8.9132320256 942.1868392078
297.2869805301 527.0653171620
510.2575538458 284.5318697280
520.5573814532 540.5348267245
865.7958888998 812.8466668137
926.1092744487 431.6653044597
824.7359674750 72.9782712930
288.2566851718 809.4340846570
350.7589994488 914.7348918590
104.6601563011 587.2806276093
442.7225756071 688.4551369820
66.0788652517 883.6487560639
917.4205795417 55.5584206995
85.9669068039 925.5825991362
306.8513464291 993.4302175570
165.2515098564 553.1100900812
638.9406917746 633.7876077934
20
841.6226985767 707.7256946361
497.1112908588 373.8015046903
507.5258106108 295.9153184753
870.4765027922 617.9690047750
338.2358546231 327.7434715114
914.8897045560 423.3490005712
140.0509598029 366.8416402760
646.4254065411 750.8548474134
596.5252405657 738.0972825011
807.8155809211 514.2343818560
639.1713858157 414.7382931388
581.2230347138 576.5147727097
18.1588586289 565.3085263443
29.1159025870 695.6736870396
405.6848296473 896.9107358083
851.2321059348 27.8887092685
889.6461234376 891.4173148231
332.4254746658 368.2728736595
190.2573084612 722.9781019425
416.9821656480 852.0803689390
20
608.0966433431 737.6238802206
337.5420450861 689.1162945378
789.0525880195 196.2365400435
221.2839669530 990.2335121617
520.3760658757 511.9432411357
11.7107873832 313.6358361274
213.6251511991 32.0188790256
691.8740766115 946.5735954057
882.2431107839 935.0692945949
322.9884073769 45.5733222504
613.5139736570 600.0154812370
797.9292063424 813.4578691153
896.5376301700 560.8176666427
359.1708478699 651.7014698345
921.6551130722 6.2403122994
621.6248297379 864.0902698264
578.3105753135 182.5440412874
926.9138530148 637.7088058824
418.3323505024 951.1041736908
261.7944904678 544.2814306638
20
369.4157711930 847.6987335067
160.6115480943 144.2614674137
711.9959343483 392.8320812673
287.2411374189 221.1581529090
640.5933286243 126.2823890667
472.2715319916 951.7164243820
500.1865804436 281.5107840260
369.9720075892 703.3316783642
290.4105339693 20.3201754094
439.7405673739 643.8301272346
532.3539958944 504.8979066040
981.6182238779 256.9550504903
94.8426753039 44.7742764965
88.2211543445 974.3652512013
694.5940271673 575.6166672914
363.2907978179 35.5027216236
423.8153883427 877.2598649340
847.1678754272 674.3215540568
2.6271152914 251.2582034830
717.2920506193 822.0867028513
20
343.1513063169 931.6826870766
395.4119533763 220.5023086042
289.9539800427 946.5374352461
537.5354364710 475.5753855460
39.7432825431 747.7028295227
292.1694009352 429.0494018388
556.3823699387 120.9230475579
193.4298695271 628.2529385903
465.8843181277 426.3127155025
44.0618371054 362.9107901403
546.6012896354 715.7443769948
98.4887698532 920.2523628415
613.5709304104 690.8965172143
298.2146793589 228.3603310635
422.5243055546 128.5508054940
483.6894629906 311.1657739814
784.0320317776 473.1385905595
251.0432163937 567.1187235409
246.4222706865 883.3240958845
346.6575477346 465.9700376382
20
711.5094094907 928.9769506468
332.9868139942 282.7505573268
538.0295148190 93.7775288575
567.2103909428 700.4991346801
830.9611568587 828.9974153405
316.6021082180 663.9533077443
796.4091175308 126.9881894419
626.7517842709 32.1731275464
975.3451199168 503.7242634909
825.8966738295 461.1240369520
283.2701662812 807.1075132484
940.6247310317 441.8091271463
926.0957253728 887.8941587617
959.8000482572 528.8970883524
29.9599660132 885.8897739427
178.6364691108 694.8078969531
937.4998614984 447.3033886902
810.4631326008 486.2927187040
250.3474602839 29.3294736454
320.4918267561 253.7189682858
20
752.3817994479 371.6662556539
408.0323757436 923.0835479684
473.2450999301 484.8137869877
213.7276335033 478.8789414507
675.0739322545 585.0478898811
237.6835987714 299.0733981063
535.3737118076 205.6957278489
717.2983451907 743.9467231340
389.9507838064 536.9507638510
30.5165095233 672.3273633753
779.0725540737 62.3945595674
409.4440902629 53.1248306527
97.6000527321 448.3100588406
650.2397708435 493.8331988094
167.0265535503 811.9555816641
476.0829742851 17.0814003788
137.0589919597 260.0896933900
505.6992761741 191.1494743159
933.4818928141 904.6808374671
552.4346180194 154.0999697219
20
853.2642504404 197.5320530789
414.8507537303 940.7437991098
434.8169142845 301.3338794416
454.6173667304 298.4995566262
13.1622904787 117.0871432357
801.2851334940 317.5653591159
700.0341744697 414.8648852936
511.4130230875 864.9333791238
232.5706183805 696.8098520505
278.3191960218 39.0066486616
181.7687990737 377.4255826970
997.3389179217 309.2437477371
565.0934160008 287.1623763903
884.8810268621 516.3737652043
17.0262275969 716.6576566459
874.1509434466 391.1920010792
964.1887545292 147.1674082794
317.8129937420 252.7208258179
209.6494973744 967.3001740272
941.5538249905 941.9254918751
20
574.0508296955 716.7433526006
268.3862283921 139.9971686042
402.4943321586 837.8472346147
199.7078112819 777.1886418677
698.9531830475 451.2917954836
711.4604176071 213.5210394617
200.3879541438 421.1191816323
843.8457008771 621.6322070997
571.9261052194 607.1141422836
833.5990152439 142.5511204700
751.0307468440 1.4471383660
780.9102263514 24.6594372936
54.2695931373 944.1607875341
755.6198904152 842.2481273112
302.0681157589 640.9883609070
594.6329357166 328.6098233309
367.2933756382 426.7992420736
725.8547805442 730.0226033216
537.9430976249 686.8201473205
760.4630657198 375.2457672385
20
330.4005794121 548.4893615866
258.9823482755 756.4588367606
183.8403520494 984.1408657978
715.6861748690 632.4195586900
795.2637688611 199.6562081259
974.2142715302 993.2076967549
545.4465066669 515.7549604802
575.7980415718 233.2171076508
570.5793768593 479.2538247963
957.9270896042 959.7653455726
403.5936935470 923.9745671311
554.4074058973 793.7438240599
494.1011286011 482.4356290558
217.2557082049 47.4702895796
347.7037164374 412.9318810702
904.4939892590 639.8987644031
103.4401205899 813.0165198894
892.7680511444 557.3112239578
793.8021749113 528.8261626915
805.2318984702 215.8416569245
20
64.6697664905 800.2113172585
275.8528571830 859.3244886871
617.9829556172 516.6680776443
269.0030344658 661.3007910837
989.1946151463 160.2694624007
667.5965845492 152.4370812514
472.8554070624 653.1608896067
556.2398351530 875.1922949314
615.6981935555 393.0999723302
342.2649994367 125.6701775596
901.9536782445 348.3764896316
506.0242535595 392.1940596357
775.8477734802 27.9582869709
214.9804169200 672.3209680821
408.3291513613 337.4688381694
352.7461266049 893.2098286815
124.5769175922 932.8573008241
241.3718494924 867.2321377405
599.6649910377 38.4727822765
482.3544983043 75.9720739660
20
898.0236509491 867.5460145044
92.9570098600 707.8961003774
915.1005947176 970.6279224685
233.1156063346 157.3760520001
173.5688112808 394.4979512175
702.3982076752 456.6933763766
222.1186519273 442.4269799997
559.5053313604 699.0210404153
971.0367868144 919.1282032464
285.7573933223 687.5164477370
817.4928894220 520.6651108819
649.4406295408 681.9842521094
841.5786301517 293.5947943498
899.2919546315 154.4163766150
979.7118488367 362.7448253516
479.2084815070 192.6953690470
945.9909253988 734.5069253674
336.2321122927 772.0547690655
377.6844107693 907.6635412258
788.1986555242 431.2924078647
20
542.8026096937 928.5141400817
162.1296387357 383.8461467137
388.6127917997 400.4116484037
915.2511425845 156.2515418499
818.4236839269 314.0180032279
681.5995572330 409.5301214708
576.8665139500 290.0505386412
241.0571282493 542.8855736400
723.5678196486 162.6314017022
125.0504284917 140.7696480168
885.9516258044 476.5680153477
32.0110609594 869.8022723369
267.6417518222 430.8615025087
56.1901553700 421.2252575292
335.4508074456 409.9745096164
671.6492864041 57.5474700831
105.0582680330 404.1008714200
783.7562260357 242.6052892713
158.8124596011 258.8876020825
308.2521252842 706.3632511718
