20
25
465.5962657750 219.1062081521
98.6971183627 116.7499566253
130.3898928708 707.4226969088
134.5033921109 941.9040178922
529.7290264647 495.7311791240
427.3879260635 131.1828236328
352.5347456375 526.3196480482
341.1510040149 640.8998419337
148.8409513756 421.3044879401
211.7023195731 273.3166940966
616.7762067319 391.5770054661
576.4143856041 211.7501951822
605.0833493205 551.6409149063
907.0766667624 82.4815641529
166.0899739149 650.3760023025
31.4653903744 715.8770703857
896.7076902967 522.4400031937
227.7011414911 504.6235208627
758.6129255129 831.7021577210
24.4540838287 860.1289765334
900.1952709798 71.2723150643
243.2573568765 666.2426504568
119.1816192519 114.0490813075
541.4940009577 636.3246101284
459.4611060326 356.7717724117
25
517.9963972465 212.9068638752
540.1854030352 601.2665265113
724.7663079996 313.2941315556
505.1409407862 620.3527825708
909.8878072713 645.0529493540
500.0298318348 473.6887158864
886.9097772256 729.2328321735
743.7520617613 319.3908530889
737.4204266793 779.3739743052
989.3521309170 42.1847358709
15.3432015467 914.1091351488
11.3280732811 819.1964088703
300.6090841396 126.1587937356
104.5743762068 777.4162422151
57.8520922521 437.9042111549
777.5345180175 106.2504028143
143.5618220576 181.7237275585
614.8879047311 995.9541048359
136.1373476898 155.2224801405
266.9519742596 16.9916848579
712.5644459516 299.6295565719
714.7773402689 104.0649299744
778.2189118959 641.1524369792
579.0451146726 909.5249189511
464.8908601976 564.1022121505
25
607.9690007162 683.9341266893
680.7517811479 708.3007928410
188.8870501358 807.9905806755
699.4333439591 457.6582600244
346.5015471586 663.6227730748
981.4706376428 340.5366507043
405.9113995544 412.8106226989
215.7007224543 515.3663796261
35.7648109271 751.4402008126
233.3062449703 506.1030826452
877.6190357410 573.1473390740
300.6761721187 128.4874676632
214.4923588503 465.7536011158
269.0423508438 953.8370491007
804.4286285630 212.3369433071
448.0970975516 602.5848587143
978.2459521914 64.7297548039
174.1183928114 938.4629949708
385.6160797681 753.3227468233
991.7284943976 140.8338911380
70.0793770219 633.4649987463
56.0263545682 163.1998065016
286.2035589877 401.8508949332
14.0834517358 155.8800786101
538.4589763075 948.8116061088
25
597.7727066968 234.9832318470
510.9784396909 62.6783805927
529.4536504701 530.3179041852
295.0375072562 321.4020911630
227.3309986182 560.5215084854
15.1115341410 98.0467607360
188.8633191617 886.0542174318
732.8940064225 481.1543114157
13.8542603450 390.6480028061
221.5330621308 216.5468847691
880.2369339751 985.7346788526
457.5954071596 477.2728893487
973.0163073021 14.2319273965
540.6724486828 694.5978935468
818.7752880002 617.6885789054
656.5274109597 670.6753263676
329.8222963622 178.2025868225
468.6031814662 415.6124011248
678.9661919788 118.0760623282
88.6730594118 505.0079217766
934.2335095958 465.7700724169
105.3621125831 140.3964434011
188.2953152737 774.7174190915
34.4269650336 475.7919789918
379.2703690958 437.8968354604
25
577.6916392177 579.6404697235
335.5305523393 954.7750527685
597.2780343558 614.1761330918
490.2057378060 555.2812366747
198.0849701256 938.5031112123
371.9254160564 796.4618930840
29.7127109687 978.7585341558
646.7110927658 566.9543545362
894.4721677906 688.2354313114
72.5938716878 251.6661742852
413.3729421607 213.3210881920
432.8673953204 58.7528574753
837.0282522696 6.5836326563
159.0049153896 948.8938792817
752.2219508417 264.0889105234
205.8093762689 903.1902999740
891.6457805110 327.4302165183
976.7294123341 634.6363646707
271.3569398498 293.5533314432
653.3424974766 561.3223590377
140.1131101138 450.8402333065
50.5594797800 790.0901155242
471.5496096063 982.2841210785
610.9862224325 987.4212259904
889.5167124742 137.2859579595
25
152.0848503690 774.6552129158
417.3142154383 395.0222836105
281.9234202601 416.3170603916
549.1872730123 289.7140201323
515.4288356124 71.9849469101
687.7615165430 280.8394431980
907.6391285313 862.3049810844
681.1993953690 4.8478269384
507.2261168876 422.5632506796
972.1262140823 771.3794632344
444.3829212593 364.9613122765
250.7380699212 87.5554938244
48.9770241846 661.8053564416
331.6439732186 130.0581907977
568.2675534276 771.6576756105
790.3516553426 224.7626990877
320.7761058792 812.1669029790
840.9765017952 302.7974044933
741.7765902644 267.5996709226
227.3877865714 231.8729866965
181.8897501413 277.9011362738
115.9423183698 137.3938714379
235.3031803183 415.6421419819
151.1224483741 898.1203082876
815.3295970743 977.2702630080
25
754.9348484657 934.0771765907
754.7147709465 382.0479602354
478.7465916019 245.6514922517
766.9418118043 237.5976358731
312.6260105816 235.7535883540
893.7445137307 698.2099364360
318.0650303480 130.7641448714
23.6377033324 768.3460673809
96.4664269949 142.9916811842
306.6381570974 117.0136468936
200.6787230107 805.4191402672
527.7422514247 869.6953681880
308.5854340499 905.1064491423
882.6187074832 725.4480121646
586.8654202741 524.6224591951
863.8616164493 42.0643530242
446.1467058134 86.8985859309
913.5978458596 89.3363922558
791.8772909366 355.0027253900
382.1925333907 293.3905168515
781.8157868696 673.5451672252
146.1080391715 446.2693260126
193.7251030084 691.8520807071
346.7956414500 269.4913614122
176.5483448605 178.7984404176
25
492.8877119926 199.4668610271
93.7582694821 642.1465931501
788.4405721054 420.1412221316
598.4127705459 54.5932386222
416.4719023599 586.5888577577
647.8305785574 133.9713353210
537.1051096912 172.5799289521
331.4877352478 121.5145943615
263.3834079218 94.3324721546
265.5064595010 853.5890600945
787.0474243107 145.5101955956
675.9994943591 735.6061485816
367.1342017382 710.3611136372
55.1057326379 249.7210964728
927.6143341173 123.1823020040
499.1139926360 335.1168245984
220.3116630589 646.7569184010
278.1546227231 536.8549532675
125.3173489303 477.3608669824
725.4328741317 273.6739270885
940.2573459359 369.1159183823
782.8878376767 279.9983751333
879.1086578385 913.7197687304
457.8954062563 201.9535123712
714.3835056449 594.7490124467
25
526.4464703600 172.6765576449
538.4421348500 589.4513366233
151.4196002556 72.3579657561
933.6340910341 90.4042112240
655.9861112666 891.3724938999
998.4830066438 578.4600713574
880.4375148605 829.2533530579
627.9077073910 493.5799038730
48.0801334298 497.5937361289
950.5280480409 557.1610231595
743.0578629677 124.5078780729
69.0773247340 261.3116349601
765.3690412735 270.2976860733
591.3400481999 31.2241701258
214.9452012007 995.7914719463
807.1259917442 738.5645361813
914.6503932718 736.3879737137
765.2772015657 91.3164656232
309.0908008321 453.7323000937
573.5887025957 955.8689664013
718.8610466172 460.1835431592
437.9584402738 884.5345604281
614.3075866496 707.9890928159
756.9542261163 604.8634166436
476.5064451952 546.7422308255
25
424.4935703021 480.3697233633
331.3151444751 788.4687618652
25.4160672155 851.6079544083
999.7958632905 308.6061490269
631.3825635391 650.0220654710
114.0402422010 532.9070569714
159.4679452873 789.7345564302
229.1982963614 84.0321942361
766.8310209578 101.0610307701
949.2115831921 614.8848882541
639.8546737437 685.3612314886
760.2124931853 631.9240642357
780.8620994110 371.7568961792
595.5718835776 923.7727181732
703.9352073932 671.6605498658
35.7390834666 42.8821763737
27.6004108560 108.8986685848
537.3789983088 60.2937132210
636.4488931581 966.9591383008
765.4307099448 718.7438871019
375.3722492927 719.2694897450
950.7367248832 208.4966725560
835.0053331863 174.5860807074
362.3519013818 216.6267363838
80.4772801470 250.3307561696
25
542.8608450934 222.1946645064
539.3456169710 423.6262969893
324.7876255155 238.4724669811
384.5027440699 682.5522842080
350.0986745506 907.3455146761
839.0990248892 451.1250530224
911.5107828982 320.4784120129
304.2520857860 933.7678012473
202.9644401622 555.4625851227
205.8737439472 495.8172189000
84.8497890620 917.7372505785
940.0758052817 366.8776751661
921.8290279766 793.6250618730
333.5337213309 341.9647067684
781.9959992733 913.9034242267
888.5049409920 933.0194151147
902.1054902403 107.4462164336
882.1761396379 694.4222063644
554.3175391694 193.1944942397
227.6745088131 649.5386752164
886.0155490961 573.5221587797
916.0405100011 829.4273420003
743.3047772241 961.9366665980
45.5434753821 711.9916056257
873.8960775223 507.8633793163
25
797.7174978769 213.7970619633
317.9103615362 231.7184655175
285.7052918398 896.6287885621
573.5366316708 468.0721597451
234.6228778764 696.8266204403
100.4041293172 741.2801498784
261.2913134333 495.9914774544
33.2483048376 915.4904464533
666.5301219139 476.5703669567
654.5930332790 100.3174254909
294.3351742864 306.0186358881
989.4955767971 622.3253680039
751.6070976196 280.1948783760
923.1145096595 844.3851439151
480.7094660280 287.3936173332
418.9984683768 342.9961156976
725.0826352091 379.4348721700
85.3442450427 784.8907694696
848.7222060415 712.0505269223
232.4859964288 362.9678229479
732.2812325824 23.9063485684
522.1160294019 586.7570335573
400.0604615873 918.5367595592
556.7229374984 172.5569357780
409.1776048710 575.3318399964
25
851.1189352299 806.1748891617
353.7603952334 418.5344554234
140.7388088980 904.8664973698
906.4616428723 492.8341272532
683.2190944781 809.2138245092
969.0559114469 587.1588223941
379.0232268579 161.9993847829
963.6107615582 103.3828814560
41.6901358664 11.1705486224
501.3557690843 807.9103354749
611.7440316739 489.6093321502
383.3837204219 349.0627605324
877.0531852058 306.1166347620
899.8670611380 300.9163960877
532.3692583627 84.3014676179
291.0780727961 699.4439780615
859.4387704148 808.3676011792
374.6253975276 197.9138040608
520.8259107480 713.4040349387
995.0522999933 381.6134683981
288.1688829419 167.4683066835
328.2328120694 254.6414747133
670.7673874338 71.2526418128
543.2819035488 491.1961217420
359.6839127166 986.9447006173
25
60.5039502546 541.5502739510
425.1893568296 587.5324912773
193.4190292444 288.5905422235
745.2554274985 375.3944070715
892.1483205219 489.2907864142
72.6017362571 411.4488529320
167.8583694529 446.9420884819
751.2176235532 970.6106366845
624.7619797357 855.0867806576
981.3417839458 813.8106749279
930.4214457733 889.3904361691
419.5897448101 297.1785370215
727.1400342117 976.8146171499
23.0079786809 497.9684284719
509.2844824135 8.2316143298
848.5155821290 727.6896115184
290.4321626172 818.4350700585
818.5021503246 950.4852121215
737.4541982294 20.3111560454
20.4126287487 758.1397957019
937.1384080357 611.2448190881
283.4871115379 855.2723842363
682.7445413031 767.0649657500
997.1867943736 303.2050815573
793.0667381109 343.8753308331
25
237.1499905276 334.1133533111
649.4296742298 302.5498361325
990.5289514226 907.4794996936
909.8952099404 155.0440920194
908.9067063606 541.4279543018
866.6087945306 358.2861967989
710.8531586645 588.8320292261
332.2507139134 481.4204118333
852.6369421259 366.4191138374
760.4821825161 162.4844520951
144.3396535367 56.7365679524
73.9082879138 988.3499516619
692.0194498740 473.1118317998
389.3606267669 793.5609891376
677.9070341235 914.1709661213
80.3963178138 258.8619540011
597.9111442539 521.4426051927
457.2693759235 856.7588032622
120.4841542850 593.9202979928
212.6988590155 863.7297651956
875.6674825549 898.5093057349
469.4702863567 209.1990390841
657.4727081737 737.0457513577
364.6435453289 482.6831415983
68.3139309084 650.0874331187
25
247.3349705567 490.4874537517
824.3392330074 209.3426409567
457.6834836385 331.4597542822
206.1673836189 572.7778422696
40.6298730507 210.4566354572
754.3422803971 161.0947922142
811.2426537471 289.6350130359
294.3993186121 882.7583960049
814.3721812752 120.2839181979
801.5554902437 289.5618848457
806.9722250738 189.3479324407
694.8202848931 226.6940806525
598.7613149840 426.6558120189
728.7625329825 480.4661858086
764.9717438439 577.6841635492
433.5011742720 28.3647453068
693.3844358199 317.7175082039
246.2904966986 33.9004943020
809.6714153323 909.8680843336
862.5585517912 215.8412603819
995.3312915489 938.6793204745
102.2271972013 407.0780988590
151.0600417511 72.2792983446
602.9315121101 439.7185572578
988.2226677230 796.5078707311
25
880.6181543207 246.4209833560
19.4004597616 15.9836124205
232.8945487152 441.8182415803
233.4496291301 610.1418488956
217.1931837228 663.2557861001
752.1301730931 442.3080061756
551.3276541729 372.8035007960
433.3288056347 638.4704748049
301.1916242575 858.5244292804
522.4407458668 187.4589776767
676.1631953652 380.6757821327
797.1566463648 477.5724037772
117.4082176828 736.6711130135
888.5947952740 540.6035172802
302.4815445983 640.4293317101
165.0464885473 885.5468440694
801.7646630892 394.2949594919
487.7943960167 86.3586900298
320.8961219712 860.8891856880
395.5046406262 879.1710441337
363.4623030878 213.1341381991
624.9260264029 309.8303505827
726.4587495191 498.8354548069
254.4302779278 249.4577228161
846.6109179578 698.7287879784
25
648.8709186728 841.8833489521
675.2816023520 626.4695875393
367.0806909240 132.0652056623
348.7258208268 466.9644838784
843.8978629941 504.6846728372
841.8681452611 653.8825198150
689.5356701589 524.6432939821
320.7137242138 140.2447947689
21.3988805174 850.9566549571
61.0552881656 139.1964021211
327.7864299252 327.5681953412
535.4597811731 280.0553169902
434.9848393439 656.2051741342
182.9342539250 346.4959390751
290.2917344774 395.1228654078
207.6876378430 188.5261442131
159.2781889499 800.1108310952
158.7878088623 842.0541009844
431.1557334936 634.4520424928
543.3027479012 874.3073017670
585.8566386801 683.2941761164
440.4877808685 622.7820835998
241.8225319941 123.3492557444
307.6834394345 987.1706782786
184.3017640813 567.6980055173
25
533.2956786793 191.7166532265
678.2054775239 185.4756274784
733.4899317161 389.3015644013
452.1213617382 865.1471556718
98.7262890781 702.6213715210
810.9661411236 832.3228536230
85.0912194332 503.9413425383
822.1679742162 838.1527905148
705.1424626483 403.0687495979
790.7100391608 631.2194442013
438.2595091713 604.6572304936
76.7311769381 658.2254644903
188.7800099505 148.2121741620
738.7530438593 657.8351763337
273.2564486521 927.2013714524
750.8899114794 90.4034112683
812.2460123235 686.9570313565
195.8327705602 156.0597484372
389.1031084949 178.6758811034
834.0243086336 892.0774193836
510.9237263746 195.3523174056
91.8522482494 755.9718870093
82.8977514627 645.1627634775
988.6201144245 789.5562818180
989.5192009494 780.7274259459
25
175.1328126120 900.5142037320
884.7853896433 656.9904447434
4.7848395710 298.8025745672
605.0939433468 850.3806001129
821.9162969977 689.6319078545
662.7062204299 606.5512413347
450.3376993621 588.4277474573
778.0676444617 737.1642887894
821.7591189287 218.5468504071
694.1412379224 656.3982935851
359.7199570795 660.8187917773
690.4754298070 676.3927922774
454.8657458205 953.4654909174
597.6605113029 807.8726116418
771.8187445929 484.7668166938
479.6686481892 80.3658761495
359.0720916414 195.1820559858
295.1027370807 576.5988736993
736.5114717700 78.5097237227
554.6845058091 479.1934935319
199.0130478924 111.0995498710
625.2906255594 69.6593606786
179.1342700772 181.3600564497
983.8132159149 494.4520710824
542.7385824357 22.9460537013
