25
53.8512117947 721.1433618743
203.4654689803 597.6217129795
976.2414461178 663.8655458996
582.6043534929 18.8463342490
126.1638800560 446.2978955812
474.6569336437 450.1866062985
636.0406156631 302.3522667392
192.8216466209 629.0700926520
341.3708947274 681.6341696318
51.8417592380 203.0421173658
562.5085343813 811.0585406969
571.4486670931 135.2230574443
596.0601520859 849.1638502879
816.4969535454 519.2553517304
604.9278703852 175.7494838393
995.1419717344 461.3513330288
302.3796879081 366.7745930070
121.9374062765 358.1368777317
32.8305590990 797.7113740163
366.9662435725 98.5475954721
654.7848268918 617.8138983007
245.6086562498 74.6088519708
446.7479853614 254.5978197996
848.3251435405 240.4833242327
815.6365603787 728.6529787484
