20
570.6782465901 356.2009425042
962.0204419304 321.4759591179
295.3862061635 775.7749527568
463.4472766054 717.5613621446
506.9648221596 478.4398811877
703.4623662614 76.3995168245
883.1474784550 681.2113489645
82.9442075470 277.6010406914
740.2929913098 0.8206893403
918.6184266732 211.8304435664
173.2311838883 250.5930414823
288.1909215400 587.7018119397
663.5504724785 433.9671844930
503.5501418027 966.6728462257
339.1415248028 616.5335875295
861.2145692323 371.7290967704
203.8189824858 760.5648997577
276.8767099708 125.4911937051
791.7041619580 127.4160830163
615.7603198984 240.0117289672
