19
16
607.4148740307 927.3696276781
379.2978805215 559.2337542537
739.8564530958 14.5428178254
623.4899516788 543.2417891428
876.3768204953 109.1249901955
963.6837454073 648.7468643350
278.2032899902 126.1944395497
319.5024597512 663.0368299392
20.8181426029 698.6943418339
292.6420020054 795.8149521709
917.2812630518 916.4991685417
636.7212388593 945.0421975174
302.3443375668 663.0314874876
165.3939997966 389.1407880675
273.5732155076 229.5020789364
356.9545988004 370.1693802068
16
805.8613920247 52.0365521460
126.7854830424 400.7784076531
910.3902866933 711.7059773132
134.2688767548 22.7041472620
635.1202031615 655.7613719559
993.9351847682 282.7374905338
902.6043240438 671.0831772761
484.0577120940 626.0138480654
2.1081699815 174.3403963835
466.3980235817 774.0829437662
622.5784374398 547.7703623250
546.3594343066 633.7412195619
372.6231636101 298.7250670645
448.6218551917 477.5759747032
826.2861491727 645.5339968123
740.8242995847 81.0671485228
16
76.2188310411 571.2756639535
541.1526183978 214.4686407118
503.7138709085 751.4391362857
71.8454964532 81.8075845483
490.2435004618 889.7258387001
41.1234305306 595.1023272412
834.6635835063 580.7780079555
572.4021623719 51.0795372117
571.7317345268 604.2715550576
85.5258562763 110.1151860278
527.0515253451 126.4082406833
188.8169446630 733.6452431993
395.4475111271 471.5783333638
608.4491660285 214.1563365448
402.6095826746 460.5913986551
397.4300024564 521.1022906525
16
117.2604837650 436.3188335855
120.2219106205 355.4159248167
817.6288605588 884.9292008075
371.1488384631 193.1104780230
336.9822284163 374.7097362402
642.8556468026 727.4049237666
887.7412615703 863.6504545306
386.5612625011 310.7097917948
742.6356942867 857.6947915301
870.8674005462 284.8457146715
838.4315260594 288.4105264823
971.1642505719 1.3685370866
185.7449592624 592.0114206706
702.2454218740 486.0548281655
380.0291568127 81.2287900639
573.8922738571 110.4591217707
16
595.8057673935 782.1867183462
744.8393533764 684.0786070605
224.3462781602 202.0725716371
737.9660229743 853.6582846801
843.0582560015 244.2334225949
785.6762455784 468.0843994655
938.0089901117 677.3645305025
461.7706272581 797.0121197753
22.5443912559 182.0032739426
619.2668542893 338.9564806874
284.0796147553 831.0056094586
767.4925272567 836.8589647725
922.2675879865 737.0638823434
933.4474571302 645.0264123948
255.6782292518 194.0036911314
476.0230677186 612.7161090410
16
908.0313143605 952.5190389767
509.9440640283 248.1900276385
319.1429931431 324.9636312089
829.7640982698 363.3129356849
38.5866979646 547.2814287428
958.5357175980 758.8929695544
511.5459448717 92.9025190362
623.5407039914 639.6831626135
725.5468959093 436.3056789057
679.4159475656 331.6780910561
916.4531487622 153.0377232864
85.5777347304 821.6787409334
797.3206410860 350.7987110725
5.0899852578 15.8883234144
283.6097828482 309.0429886805
563.5337258407 388.0588249402
16
986.3544271945 244.8518394204
635.5311345063 214.9370986303
804.9852487988 223.6672380148
585.7654608249 21.5193950889
854.6853720042 21.8615494580
804.0059167471 651.1861934762
707.2018874016 366.8070004221
490.9900978853 784.8016179031
859.9350920383 558.9856013904
79.5817732421 54.7955346904
379.2724641071 939.6450862083
332.0801445623 370.5589832420
85.1509582974 231.7099801504
61.6600504267 710.8392714743
971.2837822025 335.3320273365
390.3146854165 760.2291480083
16
311.9767574087 886.6055816986
929.4203728120 999.7382253802
60.0840804553 589.9644144413
877.1378678198 642.7658836061
607.1473814549 624.7748064855
808.9754498550 389.5186835063
444.9574793147 300.2214489431
474.8253087436 88.2721684345
367.9588837830 680.1525967246
481.7846413510 804.3217039371
275.0233682872 440.3661570781
374.9345234941 114.5164637372
885.0594806505 148.4374038362
813.9344597499 16.8501230627
426.2160597775 743.6299721610
869.4902433433 834.1369036034
16
125.0996385052 753.9187981283
687.3825201194 813.5420400169
750.2491756692 688.1942921114
550.3770829251 758.8502282827
245.8887836240 829.7559952269
161.7270158262 261.7553333282
447.8352575793 909.8030633213
472.9663262933 602.4792640367
934.6069223810 320.1407720787
474.4980187720 995.4058592302
171.0962726710 784.7767472311
52.7766553320 587.6172671191
601.8059718944 319.1373548156
226.2820601327 518.2555130547
333.2550231750 334.4061429995
240.7181716147 158.3549044717
16
738.2307829297 644.6017607515
919.2640799598 446.9716493372
150.2592066863 265.6508610309
210.5682901025 854.3426215557
902.6082841686 663.4264767269
951.6808411182 160.5503939761
584.2692189406 877.3151670517
380.5444024851 662.0010344337
611.5058672151 744.4866242242
744.4346701885 12.8197308438
78.9710123845 585.4513989278
595.5499660514 945.2455114636
445.9773035938 317.8626252376
283.6937717102 931.3369140388
696.5459958934 511.4108676084
979.6774960942 707.0690617696
16
216.2071167824 323.3837544080
40.3988192695 533.1056345493
102.1507366811 573.2416301083
28.9056547237 911.4694406708
252.8630533593 570.8432362126
885.8380719409 466.0527953338
134.5855035266 126.0154251479
297.3523702433 655.6057060178
493.2734203282 236.6247908541
307.1724224714 29.7525731754
607.4482636366 777.0836035470
980.3395527625 470.2111695104
102.6683207433 20.6016360558
383.5808986820 250.2041523651
107.8581868568 600.3881691098
459.9025798488 905.0321475824
16
993.8479548071 208.8234081042
814.7841022837 185.3979375749
114.7231780329 668.0026454799
619.6391457967 924.2112509350
365.7294371497 583.1477537188
594.6612676970 418.5582737408
316.3734053115 976.9633831824
266.9329622243 181.8965022845
394.4119239635 343.3713710286
16.0641617769 225.0587070910
477.4494592945 622.1283908418
629.3888389533 981.3635804215
383.0121181498 160.5108850412
805.9309598489 961.9090731819
77.6213759611 526.8259164290
653.1382671155 607.2194684307
16
148.8571373083 961.3067737448
977.0888296676 271.6318977269
243.7260135392 129.8938036189
877.0027770244 287.8111296290
365.6839352818 765.5158198186
513.4485088930 299.5587562266
649.6166334194 946.8009146246
218.7328678960 473.4674474023
145.1584638462 183.5349946194
433.0025438393 744.1232409489
415.3680984471 769.5783190491
421.0843044485 566.8560142412
29.9392789298 456.9430705674
564.7645942156 812.2844936615
732.7575980193 205.9591804146
64.8143296146 368.5536085845
16
50.9539696021 895.1127114152
396.0195481812 304.0559491053
832.3273249698 476.2686868910
655.1807323260 111.4649884478
141.5311269241 346.0211304319
238.4790355018 659.6406929726
641.8399787772 672.1328718155
135.1604004070 750.1060822561
399.8836119997 510.1868090081
176.4725262215 222.6913940139
564.1738609157 566.9338893697
164.1034761332 930.5380977420
664.6822890976 555.6584344625
152.4460709335 178.7801072259
566.7342277864 173.7334096212
164.9808281847 833.4160820947
16
822.8797533241 704.9298799491
473.5124683576 563.1016400196
268.9938142094 425.4147030433
856.9602805876 578.3350401037
619.0961371559 566.9004081019
856.9202115536 499.3539305856
49.7150793690 56.3781995087
898.1635507648 840.4249619036
40.1617594200 79.3438333452
625.6913005028 505.4589901579
317.6911904973 120.8959262207
638.9253238925 329.0637260695
367.0194593498 954.2295821236
90.2768548265 494.8096160380
763.3047842223 394.7386642821
201.5292399430 320.1049223864
16
694.0032941089 886.3974563965
488.0445634733 260.4599770280
612.1956999547 407.0099278850
116.1117494624 453.2747976090
976.4185858019 286.8714179121
552.8039149203 828.7215109614
577.3955612739 408.5356798532
232.0248423529 108.9673361516
302.3015222305 817.5640942991
897.6001626413 65.6912736123
872.1074079839 672.1324808146
283.6215020898 484.6611121875
353.2210544066 711.0763283308
688.3883989016 87.1386792335
226.4235796957 137.4821074487
614.4406775215 726.2682786118
16
64.6867444945 969.5373439066
668.2715854217 335.9050971988
607.0213999587 559.2387662715
338.8960689588 52.3898674172
660.7014914057 803.6986529537
910.0244870129 363.0542742549
821.9397099070 924.3622551975
118.4991923824 859.5547510179
838.1940617637 394.7423697252
669.0537504334 514.0445050884
895.5214596752 496.6492440100
721.9647332305 286.6325040464
212.5046640053 340.6335825798
641.4812928821 678.8094969483
336.7137667904 486.5050673415
181.0667833204 406.1767518051
16
340.7317671867 597.0606298103
745.4047737759 584.8760849916
268.5386801365 86.2588096967
502.0483785712 269.2140603800
207.8331989772 612.5553432744
498.8490957609 454.1750144033
72.8932396580 741.0514238720
466.0419182238 154.1607572174
844.3581393734 347.1949797200
551.3324900180 440.4948678650
496.6881272550 190.8987871266
998.8828666613 632.7892953189
162.5914812781 5.3126878101
587.7238520696 651.8447076089
107.3347042462 984.7015192853
771.6808589595 197.4569747348
16
284.3133794697 316.1599019087
573.8083778809 828.6325595972
316.5267396143 480.4152085952
407.2609887777 161.0156936877
304.2240884316 329.1946689431
674.0010168410 368.3497195275
45.3794536590 278.5118925337
504.7453530027 829.9676373325
515.2532894285 981.0663063623
897.5045588974 835.0454965595
672.9548037920 655.3166099309
497.9121753515 980.7821594273
463.4591182709 67.7637694977
146.9817664458 257.7088867329
39.8803865511 658.5428590747
976.7501222533 898.1179656704
