30
808.1211722329 487.7057970707
777.7221726459 776.5655970963
436.8107255573 467.5435107920
846.7770896724 944.7412751151
125.3876648470 305.4865147170
437.5795608143 721.6461859010
931.9980718363 988.6866127822
713.9612680740 428.5234411762
466.2842101126 742.3265772572
946.1875256830 807.0891673464
96.6035968509 853.8972369675
819.3466899619 65.2833495350
254.5147427881 675.4544772106
282.4092391013 905.3215583102
396.4832186306 688.3419777837
504.0529052065 886.1950450222
280.5013555098 332.4739961409
451.1153957155 734.1127003176
53.7603928926 345.6896120263
413.6352516143 65.2806483382
485.4729855136 537.4054811581
921.6768075267 209.4394964715
888.4870643630 720.8078021631
597.4066613437 905.2840890701
50.8482562968 526.9966127688
790.0591120965 184.5932367760
751.8380010298 889.4003743801
26.0266094274 906.0331864841
442.8420146321 779.6355688457
315.4758238909 435.8070539909
