28
338.4424789795 988.0864582164
291.9226243136 105.9562792266
933.2380503954 751.9644034470
881.3357634360 777.0544695034
195.5859066091 752.8436915079
759.8222960601 806.1405721272
411.6037740969 775.1110387782
543.6885659780 775.5924330242
83.7278697070 825.0306597143
530.6302898426 20.0766049478
882.2609439475 785.8435598625
388.9923012172 329.8860689303
374.7754635492 55.8258541801
428.5275910997 486.9699135891
656.1822415464 6.6882217056
75.2553599686 999.0717067819
742.6335782972 479.6661296177
727.3410670904 452.0802751685
581.8001840337 275.9653201077
402.3041047325 248.4022302043
72.8784465657 757.2125303203
83.6219450883 45.4925941487
787.6133900633 83.5438985385
497.1079977651 34.3299953305
674.0394052622 780.2582401653
996.4884146810 15.8380678882
567.5101760755 930.8046077060
311.7018082036 942.8620389743
