19
869.6788700635 700.3998630234
655.8295204946 374.0694943606
763.4160679195 726.2681750210
755.1021736618 534.6153658881
839.8530750031 439.7327385423
701.9239446206 432.3141687170
366.4175203521 304.2625725556
902.6741469202 574.2284253115
195.3869890025 509.9509586120
579.7159719468 179.9823010145
713.2492461421 637.3804774235
359.5123749671 773.5112170363
32.6250195708 59.7458414388
331.1741051431 86.8964184152
222.0196992788 74.4851938316
611.3798038779 659.9114773469
727.7038696855 971.8113149277
595.9305803432 713.0774220184
932.7586910600 801.0338082495
