22
366.0167520012 11.4964473403
375.1961598160 851.3624221055
854.4590390305 889.0360895737
271.5173866060 292.1228496755
604.9168612218 25.9726743909
521.1085783123 779.6180845446
920.8281481475 846.9132664762
361.4712991538 575.6331344968
155.4687760692 626.5778078164
698.9248936390 366.3256424165
269.0945701514 503.6252447276
727.2808302142 631.3223770825
366.6445117067 26.8448851814
561.8754328131 682.1965821613
723.9684897796 969.1277382101
646.3493522088 890.2487755090
954.0530760317 165.9862878687
893.7105373130 737.2181838167
97.3401444745 515.9384173658
132.3554857932 917.1004171497
416.9781277263 853.0933302912
5.5914907304 447.5206560085
