18
32.6135479099 62.6369847444
968.7857200516 743.8879149048
558.0552292380 43.5018311906
967.3919495972 717.6473161450
82.3913598778 796.9292944957
717.8962083389 843.6126934515
239.0122501648 311.8308158573
747.8924141536 551.2931643625
221.1516680417 640.4186560415
838.5156257019 71.3604909751
791.7001314331 4.8297751141
484.4594283529 122.7762867440
624.2209193034 496.6976044556
802.8824076850 179.5309897539
798.5228845482 932.7091385617
58.5998134479 71.9021342937
249.9584178108 442.6561760240
80.1368677433 298.8479517474
