36
477.5343714513 65.5904464782
363.3493608956 188.0753413957
296.4541770915 559.2186593387
411.4856034560 455.9779198992
206.9463610133 10.0178708052
613.4819111466 287.6324217817
470.3336450670 703.0777389400
822.1314253133 11.2033061389
598.5790562275 892.1486662293
625.1038109131 990.6407149105
468.0514642393 386.4442234948
987.2615182817 631.2717743180
352.4763869426 261.9985095330
358.6538704559 471.7611878158
205.5840717338 358.2804624589
435.3349488419 158.0199035660
214.0315149765 881.7874907938
728.1971746407 918.4185412670
79.7955385996 577.8793828128
60.5635714668 667.4376940795
21.1518697659 959.5621728144
13.2709459501 454.7788293997
976.8732400547 574.7933306154
591.6044287132 314.4468388453
750.1357491780 449.7365530462
416.3283356530 915.4015107837
409.1115068423 541.2539638883
678.4194411057 90.3589911961
432.6511827759 104.1810081245
312.1886057815 244.7134785370
224.7927938785 384.2197577902
678.9397182870 702.1612536000
97.7169254712 391.7634902627
538.8599941380 253.4597006157
323.3048045260 68.7651861629
833.2549516375 462.5532163952
