45
697.8459156644 324.8416662779
520.6017297082 276.8995378745
814.8922162888 711.2940763045
368.5871551428 668.0743935431
255.3130083486 13.9239218811
547.2373566560 955.0485423223
264.6671586573 402.7425030355
335.9097204335 441.3952372845
446.6500686159 764.9072518608
79.1498000613 845.6727046703
230.1803909605 715.0897486513
691.9360470952 984.6975552873
526.8962244614 281.1444041802
1.5912401296 108.3571560444
141.4587809376 828.2695979704
570.2343258895 324.1814183648
55.9519961749 546.5811852316
799.3779135431 292.1208878988
771.3671006286 466.0425571618
977.6467936187 372.8627216806
382.1952452973 622.9172586295
807.4716434783 560.9029422488
543.1287046035 840.3171890852
32.9181869803 585.8473291003
226.8890630881 207.4539989268
637.7444668535 359.6724563633
973.1904005167 357.2531929244
405.1391773119 920.2339937651
207.5066068321 856.0954224442
496.2617158212 183.5865588804
370.8865543243 464.5691075704
346.1704544849 220.4388029935
610.0736546254 670.4754282818
765.9713670906 752.9574238844
577.9743137062 822.3645353500
174.6211628424 26.3728744534
514.0866757904 524.9243722369
705.8134984786 172.7043661823
790.6071164170 954.8613493632
605.0377074738 753.5450283084
320.8241569987 442.7299951123
866.6210706084 6.0301845949
631.1891364482 875.8768527281
236.6106559352 193.5015095923
979.0240126800 615.6401867061
