40
886.0813065693 833.9618758387
756.1716700840 258.5392525227
785.9639709438 135.7959173398
66.1229318974 204.4132624862
457.0233013017 50.1525849715
35.6178412211 189.1172986861
660.8798800370 933.3571515436
4.5662398917 193.8768135565
305.1194225606 518.6595414775
985.0637768379 213.7553157269
189.6769010243 507.1444961558
140.1158117705 413.7576002482
4.7117305282 536.7800627891
813.5900948581 790.3923887398
162.4008451590 177.0400795203
687.3641313519 686.3224243329
213.4745778734 602.7918247815
475.1356546753 122.2916771299
741.5661077480 108.2675751819
537.6152440199 218.4393212014
976.3025710815 717.0910507681
195.0594510778 826.3667427947
54.5211086546 844.8904918603
716.2953892083 543.8331337933
882.6913222403 504.0623422417
358.2061498844 352.2571730277
527.1891356623 761.9466972143
937.5844187953 695.2490379811
831.1416198515 631.3969935223
692.9688812443 806.8483134106
307.4409937841 75.3564192363
298.2169684062 963.5566672613
939.6313493437 222.0528877606
422.7030187980 949.5178742731
653.7488195892 459.2654135959
661.3743449509 75.5448600180
366.4230337210 948.6255945447
791.3178145741 633.4259437860
29.8679467646 390.9166947075
788.7679826239 738.6295362939
