27
539.9647316214 461.3309607665
618.6318453070 919.5680790331
198.1197023175 728.2958311813
979.7319608492 571.9134151048
320.6637837851 559.1575488343
483.6640579348 691.9874007664
524.8108101796 859.3249814379
724.6755542949 787.3726488817
956.9937960130 171.6302087218
613.4824317605 878.4927600278
405.4649935968 644.9595669853
817.7885908650 53.8997802724
656.9358112830 469.4754125408
741.8914900932 79.0059798465
202.4933134714 491.9953698294
496.9192060484 275.2006479165
83.9959933473 96.3754092814
509.0854837907 820.6567420746
270.6559775347 850.7969813879
922.5256985000 757.7610945785
326.0622580748 548.5931455962
815.2229008417 131.5546212719
512.3754176176 399.1170006878
643.9926873654 193.0486399972
327.1612599102 253.1016978814
703.5238452827 424.1573705084
425.2834646120 792.5542510216
