35
947.2054607006 47.1313844433
449.8154979969 677.3694691522
609.2383821348 478.2288560206
988.4843332895 277.3175319295
591.7871043468 995.1332780509
753.8038069608 24.6494889163
960.8500228026 632.9291743896
372.3303649190 561.9362593839
400.9509460771 482.1160456182
962.0871377873 164.8910340465
816.4030823462 907.0258248884
622.2118048720 821.7871092041
187.7997341717 667.8964353145
389.2139853239 880.7892658924
39.8968835342 424.2551608478
446.5965367669 433.4030517050
877.7120910637 209.2628223634
43.5755988093 188.1366976847
448.8891688092 643.8769545793
330.0723936835 307.0562561473
976.7552136794 185.4898510049
748.1804126702 555.1155544533
29.2597496947 546.3383228823
241.7909700653 456.4810389846
417.2906751255 363.2051484666
9.9887288395 702.5140844540
530.0275658885 678.0627860405
868.1238444241 598.6871176671
399.2645186220 542.7348877085
398.5240170870 330.9455347358
38.6224087448 373.6499170960
370.6917963264 357.6872058281
561.0429900433 291.2217424642
118.3500241493 495.0628251848
997.1471069364 187.1266408627
