20
10
631.1745363267 978.7869690897
887.8445088244 487.8566877840
856.9867933996 229.8808205619
370.6923308757 25.0903572120
913.7499929115 299.7366455865
16.8213665454 998.9306315597
395.2945544523 162.9623450703
32.7662066187 946.4688950398
566.7767754938 289.9552483017
834.1177012588 197.5038492950
10
127.8836251216 930.7237921364
870.4975149087 950.7441042028
893.4021046220 547.7782206215
147.7873337061 301.2789155288
993.4591397644 859.4374659034
111.4912104233 413.6822595164
25.7770632191 982.8839568395
838.4924043362 705.5074995204
973.1487107762 857.5054802545
856.5855234602 722.4487466706
10
618.4765837966 938.5513828828
693.8972918429 246.6271004964
900.5820345714 162.4914965351
481.1107273597 536.1781254177
912.2669837954 80.2555476209
798.8749440077 199.5810777556
944.0717502553 226.8976325772
442.1839783646 302.5199455127
163.7191954683 576.3421064056
696.8707353205 337.6029840508
10
858.3058549935 105.6216428951
27.2957657410 670.0845301391
926.6176094847 663.2866800100
328.3922227051 654.3498306440
865.3994705233 855.7330659979
582.1208855603 282.4564043580
740.9324045161 590.5053814668
738.7650144537 376.9682182296
802.2830526705 221.6006796879
359.8290573595 26.0967668311
10
120.0016384438 123.1707872495
327.7493031814 809.1513026664
369.0264722623 156.5673471746
723.6868055634 338.8728527092
203.6782951190 983.8319381765
112.0761084526 368.1263675183
680.7464206847 6.3435996438
686.0876261310 637.1794010464
635.7345086545 864.1228107840
956.8673271344 604.2745317856
10
580.5193713828 390.7013331773
889.0722479761 938.0738083324
146.7583226370 4.6881017357
361.2569740876 743.4352552638
203.6627162075 287.3514354283
64.5878712870 826.4556944548
588.2594142696 677.3413436098
923.1345614734 900.7682129728
772.8388351655 992.1429565971
590.7673651702 242.8687401287
10
945.4073287702 455.6825331788
785.3404588632 686.9134512932
91.4539010277 494.0365228498
113.3690801148 551.7728774166
987.3815766063 793.4663905168
579.2546251983 965.7816746991
642.4839347094 106.9913566973
356.3117014911 894.9218750073
682.1470760303 282.0961357161
600.8123047594 83.6434761884
10
510.3754530227 797.0511618086
135.7402755051 145.3444659022
567.7525482707 558.0618931893
154.6149608464 898.7231247794
653.1366132179 179.2897652533
22.4344829675 415.8352781088
391.2618610274 953.6691145480
173.3254922906 285.0024125353
738.4411215796 919.9061555674
180.9794904887 932.7218740314
10
265.2409475121 473.5978049391
872.7358531144 478.8766777205
671.6300745915 93.2259956664
679.5486719537 701.5321398565
88.8110155606 842.2013401467
792.3976987886 759.8401399849
166.8556675699 598.4779783686
203.2075972270 251.8792499376
285.5830251702 460.6746484188
544.0691090415 655.5529504894
10
372.4107880681 421.4976945326
181.1279033557 801.5954973341
370.1448736581 473.0672024766
682.4416017449 369.1615219539
335.0670594239 487.3658039384
378.2654010056 765.9197410145
852.1922718108 539.6828399543
589.9438200027 10.9345757497
700.5412995398 15.5268364637
405.3797197505 96.3085606010
10
23.1652935933 260.1838206662
261.6527361815 353.2765645591
47.0447259196 117.1664605010
481.4696271455 353.4518011919
809.5872985919 82.2634997027
418.1667972478 805.1242637765
793.7639859630 627.2931515094
982.5050317143 948.9029213753
122.8012144646 162.5584851395
338.5705691003 837.8802989888
10
635.4164631346 153.7006570338
476.2279157827 287.0783549131
460.0186455908 122.6689646240
901.9360416830 952.1462323650
993.2211833847 639.4938366458
418.4368847514 876.2845793634
254.8911820360 56.2308450384
655.4919214987 704.3100890512
96.7425990147 888.5249003435
552.2864001366 668.1708368489
10
559.8830770249 164.6434714823
230.1290279530 126.6189353804
93.4204550327 284.0592866804
935.6698687550 104.5563851791
483.5693213214 190.8738256316
423.3980633970 275.5067277580
42.8628318626 980.4104768467
618.5510053012 360.1093046713
738.4988331213 605.3556323518
584.8933920101 963.7197129330
10
928.1209967830 305.4797878142
908.4899845691 845.7022224884
244.2034896515 863.0602421708
281.7925524350 341.9288437380
999.7918478398 201.3719160952
575.3999782201 497.1299725840
792.0614968875 188.4942632015
643.1901766176 439.1171929368
753.3321597398 434.0142897806
805.6598518770 646.2573324635
10
805.8666442971 583.1748966280
483.2805026496 648.9918081268
471.6237119247 585.2299409225
340.3823211253 603.5496162758
469.7081080977 918.0943134950
559.4661590576 885.3641967237
57.4825292491 682.1667071389
429.7192995483 509.0164627591
352.6005109850 153.9342062347
571.4789846026 598.1994968579
10
555.0851062097 58.7467917491
876.3118274155 793.0720829310
775.7572618494 921.5363294845
570.2474718699 933.9777646720
2.8414664924 673.6710891214
889.2506551539 499.1208857500
360.7030149641 413.4879782897
685.3112101229 825.4648994801
121.3091770681 293.3550450654
182.0062778478 599.3012934727
10
362.8579689066 409.2396243002
389.5910354454 477.2587682101
887.0637175402 157.3506312546
905.6709567517 939.3115925933
721.7173149872 196.2793172567
779.4582075580 723.6133626360
719.3413381642 905.5118735480
972.1908003329 318.5596529490
843.8424422424 99.3567592796
357.8597549643 59.4016384296
10
981.0650483533 400.6153744312
462.1896601936 862.5255814525
503.1724809576 323.4754824055
663.1745135490 706.1959558508
211.0185177521 55.4722830965
780.6375610952 406.0700876346
897.7416065054 866.9988388182
607.4213615558 839.8325713462
184.4440799032 116.5553618743
505.4206570683 541.4711930728
10
690.9158168784 181.2380265562
406.5414752680 864.5482255595
123.9231859850 247.4157243437
362.4517950936 151.2805509996
107.4900400064 775.2187403497
294.4318848374 698.6026734679
828.3550553191 332.2836123871
989.9223323472 221.4359460797
468.9259795260 969.3327536198
38.8599312433 655.7622154209
10
303.5847821003 998.7927747850
885.3309378378 921.1220292736
960.5505979557 145.0592765249
328.2260468621 21.7078407660
546.1410132361 974.4843032318
239.3960890979 180.5241519470
413.0637928877 25.8367235274
795.0508202786 159.7492614156
331.2314051836 642.1757288560
34.3858481142 753.3094798448
