18
24
992.0695714991 499.4677691354
251.9726123291 195.7047933764
112.1748587306 755.0859742233
762.8129781380 529.8453349886
863.2033125814 637.2199846974
782.4381170676 909.9467842460
450.7736296495 645.7925078616
839.0636472094 121.9547601542
19.4296625133 798.3000890431
595.1279640055 834.9145441088
417.6151613650 750.1695233701
744.9112130641 576.7790754981
2.8216163909 214.1830706190
633.0098036722 938.5804030452
65.4151543628 387.5359948012
368.5641294440 744.7464749839
171.1551874564 417.2138150792
366.2851426329 975.1066685999
841.9693254110 394.8495808462
679.8740646221 192.4968209986
693.2156729142 199.2130684144
912.6025862845 870.3216325558
83.6214033651 313.5564179334
5.6187920833 920.4207321212
24
604.8495271517 529.4137291019
275.8463532938 911.0190334345
935.4722812720 912.1773823865
489.3773124239 599.7765271549
536.9156981360 797.4656750347
360.5550504415 428.1937935331
26.7011361583 740.9564675329
52.9708701083 350.2212137819
404.6687686689 121.8257235569
193.2753519321 200.3533454143
241.2883105380 508.2099334143
609.5698313436 466.7538844352
545.0672416248 162.8086408507
768.6272128186 207.1058450817
550.1824213641 836.0042460097
952.2051875459 451.2075534167
103.9056346787 15.2760812115
687.0535714594 117.1879113867
781.3031149335 605.0284837276
402.2852906176 733.9652749879
438.9762347886 342.8756426406
314.0946800140 457.1824203981
761.4973143972 922.8965366603
887.3492059069 757.2939817373
24
733.0906065938 101.6690648268
68.1026322869 980.3744855373
787.0882729027 321.7993636239
39.0271760636 49.5825523510
521.5018288744 10.8854081265
412.7173905129 334.2838226606
962.3082934855 333.6511218752
981.7197574690 908.3174556257
338.0136782136 710.5676291624
599.2706687695 601.3643763018
438.6824602781 598.0397312672
847.0316345406 325.9597737934
791.1893531442 224.7708467151
384.4036348427 447.4295720343
740.4887282312 104.5058424864
780.0667402223 157.7317454142
683.1825831656 621.7000426837
367.4082187908 290.2921858317
990.2471514546 20.8734740975
204.9273266059 716.5752847236
447.9416225007 286.1997969909
757.5966606604 128.8651601020
753.7135029244 579.3577867859
925.6065491853 511.1006129691
24
350.2659812792 697.4034497678
626.1834773563 45.7553925943
241.4294102065 460.6473619303
943.0401394962 571.0909009525
819.1282711206 657.3408551238
851.1759449120 881.0743732178
997.5941531665 902.0529274902
724.9925157192 308.4885450314
360.8594850158 890.4754432930
674.6770347882 399.0749085936
687.7824784760 492.0034255353
248.9217326486 641.1561592304
18.0582214965 196.1507967923
220.7520810905 809.0823920101
787.2159170753 549.4600516872
404.6658907058 389.0747955898
341.1754831236 577.9252401827
209.8831630136 673.3463007067
257.5491299588 663.6833366430
939.9785753209 438.7486089196
413.3772137200 286.5564168100
394.1691752071 999.7981113165
926.5887865170 621.5916424977
669.5345082647 20.8070776689
24
230.4728963959 222.7087036734
193.5676481915 165.0584778831
627.0473382958 230.8647254395
724.3534471916 921.4051887354
315.5378760681 915.8284133081
435.2290406181 195.6560697298
884.6820898706 467.7301550287
888.1162428065 59.5129188675
726.8964412002 739.3431420592
797.8854634428 124.4151421445
496.8117191839 374.3315778550
279.2077507117 524.7401798277
322.7721665599 911.0302876464
63.7099905513 873.3098176284
908.0633507304 344.8297855218
451.0726170792 985.3902987712
829.2440292127 25.2637515674
473.2631062102 28.6613338589
533.0428752341 812.9571516369
52.6330626230 865.3489914943
736.2143510616 14.5239539303
981.8734297516 957.1276814620
143.6132376757 866.8488282820
612.5148576715 310.6715535389
24
394.5879741751 463.2347656771
914.8598157473 494.1063688359
453.4785064777 347.8491151776
281.6107416551 202.8850086279
876.3684084349 412.6417998473
389.1447504674 192.1557406310
746.4183597022 398.1950983772
544.5870235881 34.2978497625
64.4717305450 874.7136048813
284.9700639272 701.9662473613
2.2866758219 93.9292113131
654.0745971999 255.1276224112
30.5277062191 442.9586299171
509.4804632558 268.3469365252
937.5689594555 181.4598001658
24.9428696484 464.4431621456
363.3571017642 328.7609795608
262.3342714287 693.9840815402
562.9230981184 133.6244649317
948.7938909707 529.3266457439
254.1517226375 268.0513522507
42.7393132299 132.9036808122
683.1781046766 111.3835801229
636.4746912888 104.8633983816
24
345.2808779171 423.8587906926
128.0930790417 559.3508616145
377.7605835004 689.7636874150
932.4806532989 485.8723482165
786.5554854296 552.6173122097
60.0270782097 444.7824713789
791.6359365494 564.1961622131
579.9101137546 28.5521635984
715.8550327777 912.9657527979
826.9695909019 105.9066438778
82.7257210028 552.0703080812
10.1367778116 545.4396087603
806.8704666689 953.8881444661
896.7882535306 622.4042893173
725.6394318024 832.6251901246
454.4438223554 818.5856147264
928.3022902514 717.5689527802
647.4291927090 610.2340291986
691.9764019638 752.6834914548
831.8426750162 461.2731919677
777.8245557118 780.6443321125
988.5639476622 901.2513200370
132.9855567748 974.4816293821
937.1731558080 381.1847292202
24
991.4710017128 134.1902556848
743.8449881219 437.6423343238
920.4877444144 738.8237606428
138.0971393482 185.3365726983
925.2447120639 100.5962330967
572.3136747796 757.5277569690
561.6007050436 442.8917730013
959.7629463505 205.5863033492
481.6142100045 342.0539113486
618.7128654887 428.2638289034
652.2140573722 182.1824716757
205.4509065716 594.7139370773
243.4503474184 530.8244387182
801.2028429826 34.3002911175
736.9481139059 700.1454815890
826.0669708255 114.0110613312
737.7969979965 879.8930131031
737.3759971830 52.9947700258
457.9246792938 670.3621856344
252.3853248533 483.9332842175
596.1720786874 320.9838910167
813.4778059227 218.7120161475
570.4082336494 677.7498186674
195.0250537502 398.8489921252
24
5.9323259112 579.3078451879
639.6125996256 860.4446668228
204.9237636205 927.8645787034
974.8155754422 880.9320701459
48.6282500364 119.2251516105
583.6898993473 979.8931880492
336.7678662816 459.9382461570
718.0829014394 285.4293018664
233.7166220098 130.3388799906
577.6220384135 138.4317051688
915.3488171232 113.5271453169
702.8248445571 346.4483477270
822.6132450080 78.3293096699
839.0238154165 898.9004047304
176.6650236477 614.6418622724
905.7454098200 635.9477668771
775.8797670007 679.9271405341
336.2532468640 785.1915168067
657.7465747836 518.0876889876
432.4031980733 260.7468025370
771.8140513036 113.4249804100
148.0750483629 532.5443922919
726.4285156252 730.8784994778
982.8818514818 861.0890360960
24
336.8308926581 273.8204567435
378.6504249980 526.3375472812
361.6063860995 401.5720933825
966.8524530541 993.4501224361
24.1119173805 446.0365388202
526.6190819616 436.7133339603
474.1392128364 963.5974761162
417.2780713827 399.1009781324
720.9634950216 387.2202373732
717.1282515203 456.6127019135
317.9170806969 834.7547815699
458.0274728650 83.1461696237
344.6182134539 14.9202034753
438.4432047626 751.1444330505
937.8235892205 262.0213768668
490.0665658312 570.5155751004
680.4536364046 642.3562400881
202.9004375520 400.4010222935
509.0885085136 508.8329872595
427.1996546039 31.1559788556
16.1355676554 661.7771049565
280.5468408647 173.2164269319
347.9243487583 954.2618004768
941.2296708854 623.3102304921
24
248.1394203857 35.8491929284
492.5577003439 504.1300760242
724.1074460732 519.6083547953
367.0467127322 695.5951560077
232.1447299584 487.9848858229
646.4926158551 605.9343557664
419.4341773813 129.3447107721
239.0300066941 246.0596894498
270.7341038693 121.1738866814
815.3985255934 520.4165999629
365.2241605627 507.2776879783
135.4428178650 917.9471163239
636.2179858640 341.4862218064
382.1613000973 943.5342712750
93.7865677504 336.5993401269
685.7460118778 292.7344503301
573.9661521570 630.4936065921
47.3801655040 495.7947900633
987.5951347976 741.0976391465
472.8662106935 468.6245584174
174.6554171873 95.9983906599
418.7306857725 971.1608616447
950.9326116714 704.7421224640
77.5827947817 239.0728116409
24
925.8438574026 259.4062982774
879.3983671341 781.3685401850
740.2709863436 959.9941695227
805.4835274625 647.9098672607
641.2738971482 90.6483861666
568.7723461106 761.5878269063
121.1889851842 685.0684146588
687.1166755980 877.6856569782
915.6268303223 766.3491033020
278.0382201363 377.2438157013
632.3712539377 935.9160939222
810.8764437085 935.5054858552
898.7285903197 161.5945896256
873.5782025340 471.2199888953
311.8844519050 933.3145848299
346.3850357890 569.4337658864
539.4518705360 734.3968898173
971.9582089524 919.3677551954
653.3590433844 158.2209853136
958.4301077479 959.6608656170
760.7859946312 429.8000034680
741.5702201729 147.9654006636
912.6638849794 257.2680898277
37.9852566972 376.3022542468
24
765.0158336729 847.2582471391
515.6246727955 493.7352585670
893.4236051302 126.6823014686
88.6108856113 327.1867454203
246.4167271239 707.3541136383
354.4196676875 377.7731993513
611.3727350115 468.3090866775
861.1726067269 549.0359780740
392.1097351883 113.7044518789
531.4029783570 437.4675266326
482.6411591828 708.4042556761
390.0935956015 388.2995319766
783.3189642844 524.9893955821
252.9948302088 757.5080760944
264.1021677058 248.1257956196
256.9259613782 299.9239799221
378.5953678099 800.6610079452
117.6657759516 106.6698356048
55.3879998897 221.9750420611
617.6825360057 124.5377687045
525.6453237894 459.7125809002
950.6668921538 863.4163147840
724.8563858035 356.9758889237
517.1524965251 586.1477669287
24
727.4130138964 19.4540757388
366.7414111204 385.4376948265
989.4421921184 718.6222081289
151.7170756682 27.5346904915
845.8945525029 156.5830589999
371.1284647666 72.9527199472
923.9265579101 948.4632448427
189.2199486131 119.8875369445
996.8900828549 940.3685455138
990.0455424869 766.5593929941
871.1085453393 887.7939533617
65.3190728161 763.4458514369
360.5219721572 120.1942274517
886.5509090049 427.3833950100
543.8835602735 647.6454595236
856.5673033474 73.2414594222
251.4511035070 511.4252590289
162.2436828836 493.3587512846
816.9982717158 48.0796579114
559.9986853119 495.2394593845
130.2693627653 67.3107482633
162.3730091254 498.3158904974
88.4762204094 693.8416237623
199.8220465874 600.7235353275
24
456.1085273119 8.5236329611
753.8596494711 151.7129785592
257.1644528550 300.7756638474
592.4190552881 417.4347652755
730.5010354316 258.7898642626
44.0688828221 719.1802037465
104.2939486864 794.9901444865
959.6191576449 452.1653803793
927.8452032353 122.7076356968
669.9800046625 92.1217092046
48.8930934433 140.0892082990
997.5744154523 372.2357064821
932.2715364019 461.1183453741
242.5992198468 574.4016624067
611.4344281262 252.1074635071
729.1570985301 645.5891289533
20.1710689970 669.8436076565
548.8209105505 734.9315216195
113.9011835208 439.7481823746
346.7722004839 551.5097913289
550.0511004171 930.1110633150
308.0410576090 554.7165047519
274.5807316588 232.0171666168
779.7973611320 401.5066371592
24
112.9585780872 890.3295523710
811.0847968445 954.7129341359
20.3334724688 700.9282134904
681.2443554770 39.4871491746
475.6138870107 84.9284063391
957.6865010397 405.9396718118
658.5541904950 197.3719755254
626.7584375076 357.9555592029
934.5861823185 230.5759376199
449.4281466826 471.1931767832
599.4382335984 837.3132889681
819.1887165631 380.8925704068
649.2376405544 824.3929634708
943.8554605107 358.0669716861
206.6406487297 191.5618304285
26.3041107303 377.5594545851
115.0929424265 551.3545951190
682.5134546249 523.4982284148
622.3366443640 714.7642143746
423.6520925959 587.5429525738
713.0658009287 596.1092062047
620.9134725636 957.0812515812
670.9437495726 978.8347713536
249.0933087012 487.8878810895
24
371.8424355546 182.5129548132
966.1862194863 274.1121086427
851.5932600598 339.1961006698
855.6429048811 980.7175816266
921.0426073605 514.1902794507
406.2793336197 746.8420557439
425.0240582134 346.5104836899
271.2714306847 241.5003829027
72.3321848245 16.3249412321
598.8049241185 502.4407532606
104.4647848066 482.0744456864
552.8960295567 283.9688629972
102.4628856001 879.0995234531
871.5295965588 629.9051875308
67.2004106433 743.8511075675
105.5340167620 529.6098311232
957.9749238530 277.2535370940
574.4274113546 79.5799498703
366.6004726691 297.2804979815
491.1732218555 551.0852027952
765.6296133846 51.4783018593
468.0856719554 94.3948613572
293.1626908628 289.5867298061
763.5450467056 633.8487195207
24
29.2218750452 560.3012382041
853.8146278865 935.1903167859
99.7010716154 704.3381453879
848.8493768515 511.9700988751
52.5005765775 183.0215098263
444.2329134547 790.8650408146
547.0829693410 85.8486520885
961.1627658827 103.8673317531
859.2480014017 239.5241953539
371.2527080422 492.6867923286
500.1109962426 809.8706451414
779.5535298875 473.1776412705
469.3191450586 699.9542596415
801.3318065612 581.2508450013
97.4822608326 643.2633764767
407.6966472505 665.0333817511
50.9562858944 22.9341533391
935.8460612498 485.2456930999
643.4591531651 367.1927687602
785.0546506666 553.5237009761
356.0850284195 92.2959160635
195.5578943345 213.5172789515
274.4282361561 21.3305110515
819.8758197460 35.9020641309
