41
577.0017360118 948.5757971604
674.7262939909 195.6878170151
195.0235903508 877.4434219264
335.6426442008 831.6314849708
725.3020385676 253.6746809522
771.4953593670 30.8749943930
460.8046732915 254.4070061819
144.3537090927 676.3360662169
494.0135792312 397.3783543289
590.8129227379 861.0198491635
444.7532914292 985.0865425034
49.1135549680 831.9332839472
323.0539970167 251.2376045172
706.2537725206 362.9586370072
887.4334057250 377.6631576628
121.8644953703 924.1492295410
172.7972491367 257.7056628272
317.6255817927 379.2863532392
368.7214825432 725.3188327668
457.2170511832 546.9486005850
369.2559506863 746.1994282134
75.7505058148 48.8857758621
23.9031444302 418.9882533195
707.8829812903 43.1260351917
164.6280884119 196.3892951876
146.1509069913 55.5112699646
35.8484976432 894.1231815582
510.5125184466 596.0881000243
242.8551882004 50.1415521943
264.3826140343 709.2317089856
289.2896567100 277.3740751047
897.5901625443 951.4478558626
677.1279146306 334.8037995053
934.6741338809 645.2933755760
991.1450549165 75.3051568684
798.2513439262 982.0126130617
578.6151092802 556.9012352378
848.9566049136 93.1980256678
663.3111109496 868.0900546978
9.8658399183 697.6855899154
229.3514775668 685.1481799072
