48
173.7935128608 902.3713242726
896.9467398005 404.0977928782
89.7130393761 795.1076096271
570.6761020738 528.2875985557
44.2090590847 67.5231164253
681.7750192719 987.4311588175
240.9516960739 521.2359474221
254.2470042869 318.5829013186
846.9072212937 17.8586397763
103.9496688095 971.4861231476
596.4401894672 868.8552199845
847.3810654808 701.7071885834
49.0289955548 356.9814051072
188.6818515562 413.4956472730
325.3724965245 388.0698184326
955.1105871341 352.3741253067
948.4997928036 530.1461372662
377.4804308658 617.1403566305
985.7609405561 27.5672789423
740.4211483428 60.0120930276
734.2483976495 822.5746475432
65.8013134541 331.9625863846
378.6314594119 337.8344427059
943.0102165449 126.5407544886
631.3190399289 82.2188046382
782.5372901914 326.8281865872
146.2471447961 345.3220512656
415.9218442000 758.7769690258
203.8655075627 478.0177299935
294.5494352869 587.7890172294
201.5682932866 518.0230885865
630.5252301976 691.6191094145
873.7948929794 33.6731930884
383.5786053996 553.5841800891
505.8075043861 714.5553579680
510.8974911695 608.6971101958
505.9371631210 662.0525663970
421.4593062850 333.7804832490
435.3116430672 392.3411870763
440.6336969899 900.9250259400
161.5159711394 944.7469339063
442.3572213071 628.8821520111
348.1338563613 131.7777609042
592.0704758398 97.5796761294
195.7955149482 838.7655449854
201.9163454742 701.6041287557
365.2415868550 426.4161364899
617.5366490688 114.5259837601
