39
611.4808165569 16.0914794280
791.2758989026 755.1983696362
865.7108356143 862.7796248890
56.3409228967 493.7451378403
18.1158723606 562.9622557099
460.7904475568 57.0303212756
101.4470596333 28.5890310793
354.2002790500 37.3980040856
557.9425447456 783.2587626150
747.9364711921 479.3253001550
895.7904799634 784.8509603869
456.5090556471 275.7138183127
410.2509782973 269.6401781427
580.0224791372 480.5271926839
890.2717815111 163.6539904507
458.2573622490 628.1441124647
66.7687797221 287.9570015754
128.4882197683 383.5368743604
264.9504203381 169.1927611863
287.0443208050 393.5805122964
878.8449336321 618.5933980928
435.1835792613 217.2348125747
211.0218088317 494.3144594012
960.2533057596 584.5003539935
775.4097160969 318.7229639824
345.1996593805 168.2300924957
136.5790309070 132.2298646137
333.8596472002 188.3778464605
2.7623118693 670.3569670000
203.2893659766 892.4581196222
827.3839416024 649.7591294135
886.7308194806 971.4265621005
940.5720493541 256.2624457971
175.1182855954 876.0792765927
679.6309086041 565.8013964776
243.2799863285 562.2457335862
342.0807384856 75.7352569266
342.0678307436 14.0706171160
585.5660527011 127.2512420661
