10
16
292.3079670128 475.6452103922
609.3711355608 598.3983703333
894.8856896911 386.4434485375
582.8429130719 319.1087648357
248.9560546247 412.4002263708
236.0846294597 135.7750210343
96.3257995156 219.6087659809
85.1193600794 598.6741827817
830.9651835829 35.2801489333
511.4323798545 276.8670310494
987.3906621941 452.4041560937
736.0687931398 669.0511953514
43.0369047025 20.1956389930
844.8257224440 217.5598857746
122.9530760751 306.4874094853
390.9399511542 511.3285211387
16
572.6500560636 277.4322705524
966.3768345305 839.1504109737
14.3309511274 238.2759086408
89.2166558133 174.4866456944
470.3831942179 647.4086382987
770.7342742757 839.5557007558
409.3027188899 918.6057026671
183.0809442324 981.5337285093
820.9634808338 235.8357764123
389.5151787026 395.9057628188
187.7329808039 487.3923845172
131.0369862806 157.6090835179
226.9937265128 363.8218000193
829.5255527533 310.8613280524
160.6328936169 976.1463092921
632.3335540101 158.0690397465
16
887.0116793595 281.4490358244
685.6736695834 792.4060631802
205.9188518097 498.1697803278
299.3192918157 182.1297382344
734.5030732153 963.9986868789
391.9915774163 482.5806317320
640.7348538590 488.7928396039
449.1662621269 53.2363592419
836.6201097616 543.4282528320
427.6274884322 581.7068915455
512.4921758601 90.7704122205
843.4477470694 264.6955095016
249.5056570951 636.8707556796
927.5200067216 894.4120110618
120.1027945095 18.3745313136
68.5462508571 928.4154234031
16
973.7722350536 652.0034006424
352.3605869714 661.4837829826
608.3181218744 637.2619254101
446.8288523763 801.7250675687
99.7701851668 909.7189416434
991.2007814622 396.8482639262
939.2503638629 252.6635556165
136.4716864036 66.0606720136
155.0318942908 927.0167577454
735.3590539138 204.6748460314
234.5149251700 768.9015190067
659.3672243914 631.1080498426
838.9585813484 864.7144254672
116.7410665814 368.4271378877
166.7503425655 174.2798765650
906.1045590825 109.0527360599
16
201.7408158845 608.6512653743
287.4346847986 259.4565712534
16.6051605765 682.8417096248
639.5905839772 265.3179127451
910.4425936580 208.4136924983
441.2934621380 479.3538209196
989.4516253627 224.6018002197
875.5073276979 750.1897617373
472.4035894475 540.6868554947
308.2831482578 249.7813210533
37.0622013331 995.3888409692
868.9253543186 468.6986526674
125.9389741673 68.5274592605
994.5739321986 979.7948718465
315.1573724713 381.3855659053
273.4302475567 293.6897983850
16
687.4201869247 226.1151089270
160.5270109532 546.7705585319
984.9751741773 221.6778950465
136.0777472253 633.9758153149
441.2235637436 851.0861933539
597.0549095009 685.4260999804
607.9542871786 418.5430229368
65.9988028703 137.7635954054
865.8163297287 734.1903115205
419.0895552568 81.5592168155
682.6509547970 799.6999254197
506.2800075089 607.4059248188
639.6725126631 424.5699299990
256.9989823070 999.4596300804
740.8729948289 196.4865827128
334.7968861795 809.3604774880
16
251.6215872812 874.1006581520
79.5118829209 837.6579276575
462.1849732339 983.0932871071
167.4166571024 614.8845653042
77.5028711934 172.5543881630
555.4553980543 226.5286293303
578.1146872126 174.3127822226
91.9330258640 80.4675102024
262.3714250944 523.6131009741
370.9879004586 823.9961982216
533.3773875099 262.3298560584
380.5424203010 583.3395251273
562.1606803947 885.5868566649
113.9808979727 944.4399356470
512.4799088755 407.8804940249
796.4852491154 998.0024299226
16
842.5753507008 172.2551823314
978.4050491495 89.9789340554
759.3582256068 603.3165652945
958.4145463653 450.1286154970
577.3298867485 815.2594392247
804.5361040401 429.2982637327
579.7179777670 957.8428482012
591.6330716300 317.3609027108
715.5520782351 197.9216728812
384.1541857678 396.3439108719
409.8852702131 943.1139446596
545.7465735144 989.7499659678
288.5946673856 712.0607186328
202.2073741868 806.6149848810
243.5474858897 12.4455653074
168.3309559106 366.3379930221
16
851.7324203428 7.2833624170
612.0536012605 868.4944053962
897.0431248914 481.5623715590
975.7071920740 464.8411300625
60.3655683247 950.4114690032
126.9826187605 108.6960860843
306.5146829178 604.1539599449
218.4373236260 922.0206003981
101.7719609725 498.9299385768
728.5883382068 102.9004489016
304.3262518231 399.2735383209
895.1141489529 349.3196451385
958.0764205674 997.8415115644
846.9671783167 663.6193155167
362.2130259019 423.8079693325
23.8539367931 365.2838706216
16
660.8333242550 390.3822742886
598.3477014106 560.2708091031
208.9657900674 263.1449067223
730.8252771609 22.9307750562
677.9899664703 684.2297429920
775.0425348714 627.0073359422
426.7560791950 681.2621317999
809.1683378681 265.4845415733
755.2660088878 504.0703508469
959.7176466443 210.3237950445
977.8024090663 164.7418076109
87.2576611319 299.7457719031
741.1050753203 620.2925030574
590.5012153146 681.2683718487
438.8996030642 2.1467611636
173.9785439784 689.0684049843
