24
868.0765098208 683.1883007152
619.0843708893 890.1373957999
84.7134909582 706.5476695248
617.5508536254 346.0604545924
897.6019495690 211.6016344559
686.6854648015 21.7508506226
477.2065921940 991.1433320748
601.3582174086 22.8797737835
632.7914998621 775.0192612588
160.3146428759 800.7935902748
115.9175002456 111.7176638993
838.0761761310 29.3883012351
946.1871084757 384.5972478154
977.7205676418 390.3611726406
496.4105529270 109.1877427774
548.8538150828 271.3833045037
134.5986350201 485.5153848055
434.7631222900 156.8757910901
726.2987154913 841.6226865784
153.0861217652 842.9364636511
863.0239979335 961.0138205666
234.5600585888 145.8258463130
917.9807865537 298.5963599388
835.0881683005 478.2928127397
