29
822.2776102272 316.7862458376
163.6042778917 133.0128162919
92.1267235657 598.8573143824
121.8449103318 505.5686071806
462.0442769709 305.6750380035
18.7392439751 216.7440464769
647.2260207208 498.9279377737
896.2721305127 575.3155695245
149.1752581575 320.6029456657
343.5895220167 798.1359505714
844.2278786441 22.7745857588
130.6036719170 209.8471836661
770.2738672727 151.9652592928
644.1026365151 110.0427242845
588.2032234850 404.8277211476
263.3873648651 501.1815502942
780.7972073316 969.2966805369
547.8332983185 75.5577677695
416.2057542736 601.3920462897
53.9243672076 585.9266941352
31.6325804219 322.4108595346
674.2859936068 482.1836565752
341.9200464223 198.2706091134
739.7378815483 285.1970862439
371.9277129495 843.7248384023
281.0801040034 224.5185745234
600.4176109483 628.6058013956
77.4632782869 34.8683014236
865.4085722868 860.0619804706
