42
666.9255200683 288.9453196190
454.4170565629 94.6750211258
55.3073403046 79.3013919312
486.3441952482 710.9924063677
646.0753503954 504.1705211792
277.3634569727 884.8508111595
519.1460744117 689.1767109196
148.2191297632 888.2872416058
101.7175231718 357.5970990961
276.2861911492 233.5339067864
230.9164423959 843.5028585215
0.3818529344 797.2004264973
487.1364299701 782.4773206028
200.9337647331 859.3066001873
779.8741514218 581.8416353299
816.4328358390 179.7580319110
433.3294848326 146.9816266990
284.3327956594 576.6157346844
93.0133795972 784.0433741800
669.1930245700 963.8670606494
131.7699518619 584.3027790273
330.4612004495 788.9146851899
533.5730635705 810.3075091276
597.6242136878 873.9889288376
639.3606376003 540.5279378379
453.2337886700 889.1712376849
429.6504976322 88.3178447560
204.9725046274 451.4355591608
665.6237036697 814.8518307722
183.3799783285 471.4406058662
753.2467854988 714.2397363562
171.0875011611 455.5914759328
299.8889522322 675.7613118740
203.2222915139 604.5205000694
744.7228484430 230.0441251126
191.9171780211 158.5114993257
781.0172261057 54.5799078317
992.2626350897 207.6513110996
965.1678741499 759.9780557529
39.6003131167 552.5353309060
565.0596863934 560.8392091004
429.5914528963 629.4032119992
