43
166.2409344949 808.7220357412
210.9370959728 234.6727245181
346.9095154428 716.0787258744
576.3951659306 860.0075226220
272.0829910485 770.4921487987
363.9776547911 654.4504672793
11.1373076460 662.3229237278
462.1149692050 55.6969615903
224.8882586177 474.9510306025
820.5149777822 728.4157703272
199.5406242965 168.6298043561
843.2168361648 277.8025202188
658.7559879798 151.7885595152
259.0081761404 147.7122467307
489.8789327331 669.1402763765
140.1731860652 826.5796608549
665.0029234035 904.0256899927
49.9968228557 732.8972685415
972.5020601686 724.1730747938
643.9150092714 1.2962707845
475.4255500035 748.3892969170
705.8657284190 783.2081382380
648.8862528813 341.8844083650
60.3293481578 981.0692792649
500.5927173900 560.9084741882
80.9536098141 22.7787902445
468.0951314677 811.9064684261
847.0503409857 693.2964430644
169.3199470694 870.9219852824
514.1874189686 94.7755839470
740.4057879813 940.7876667556
991.9194769078 382.7810547618
158.8617373587 490.8708144460
683.5596057093 789.8370828559
954.2988655521 483.9917089486
671.6000983417 562.3704065690
484.7191137691 368.7026149217
299.8207923742 316.9494624346
179.4978998386 46.0129838002
613.8731269629 761.6427935624
324.7648202232 691.7362352358
592.5955353455 185.2175085108
732.3756120905 800.0693037616
