32
701.5408065518 54.3596125734
772.1733431988 877.6189388109
313.4369111760 124.4376301964
440.3450378068 657.5924242495
314.0162141093 112.2108939130
993.8998668651 752.9136147693
389.9132718441 411.9507255985
222.3111364219 88.0436043949
35.1923127589 695.7131514047
905.3557921799 626.4160378879
49.2447472848 966.1267805022
471.7429122906 613.4354384532
696.3447502113 306.9497216043
766.4498824748 506.8615460772
155.8158479881 757.9489863248
160.3725171981 518.4017242143
472.2128579558 483.8333703129
325.1880409964 129.4390011740
492.7476079937 385.1107645108
985.2034150148 734.4117646601
983.5866348809 308.8763230790
184.8264739308 900.2006538222
594.8675352562 992.4216474203
667.2615720465 272.1198040957
879.4909206828 451.5033235945
505.8534173741 973.0326170572
385.6309268169 164.8725930475
297.7215916115 955.6067274390
677.2951354656 772.8495191693
331.9511009190 279.0969519121
41.2508797392 942.2224138960
794.7158403054 605.7987765503
