33
682.3139547121 978.3002837931
808.2751201251 961.5303763855
376.6681314213 439.8720730619
56.7861732150 549.0230452957
616.7400739751 148.3265223323
823.7186116155 943.9065417483
348.5212378220 492.4972171635
355.3914546980 989.5848059666
782.1320155539 228.4826034112
50.5587363473 206.6638895227
360.4751289766 509.0613950515
752.3758378492 325.2863577571
96.0417783963 40.9588361029
458.7973006207 273.7433740421
267.5800989515 572.4013492613
131.7921424483 990.3895063980
727.5951539472 738.3354998205
276.8545868276 828.6773210836
341.3129904612 872.7219351610
55.8586052686 693.6296080130
784.6923981017 10.2750518903
495.4885857168 939.3060436365
146.9897261347 884.7199476135
777.5235954600 302.1450787721
606.0627221100 877.3236803312
744.9696491599 189.2455294733
124.7554897467 659.4803577031
245.9747753589 307.0123090811
376.9060199471 868.9214648732
760.3681434937 784.9134245597
614.7903237952 931.8127041052
819.2225490977 35.6461559637
309.0351393442 467.4949619980
