37
279.7359157157 96.4427249081
338.1544804262 804.5161792309
998.6744292503 947.8000475853
548.6276556123 119.4139247278
331.1543599224 489.3783398210
162.8398354045 502.8562435504
201.7978349274 395.0959674774
81.7532096291 720.5349431567
864.1213620118 84.2003328704
120.3503787113 857.8690118028
261.7694145846 888.4248888889
577.6299271367 304.8741056084
4.4899393173 884.6372843801
891.0009714855 535.1449190247
163.1439296429 373.2066032785
977.8203835711 562.8678248372
957.7844859608 57.3658176631
260.6444204862 935.6631264498
301.2169042097 766.8988864271
636.5615181957 391.4355831957
647.5091532502 429.4722622888
643.1036586205 499.4388780211
340.4741504753 488.8778271177
712.7656592609 444.9612238290
693.4684025984 637.1946923337
40.3530406171 699.8785389032
348.8124662739 486.4459406143
881.2843194845 47.8398079831
623.4209702829 613.1524780050
99.0764719177 647.2288438940
210.2378592682 105.3951556927
999.5748251159 513.5214210089
553.0112568024 743.6449700674
488.8747839271 272.0179341459
701.3220301723 469.5675729617
855.2795100951 946.7177073925
521.4401513620 281.0017179511
