20
14
795.5053005100 990.6700229833
924.5994020930 965.3685197100
617.0083351751 223.0225833716
406.0649693046 358.6023171129
83.8692128248 378.6193982448
693.4316216007 938.4270642554
236.4799293092 983.5494268223
793.5693298678 393.8773092943
134.9251119444 634.9567133458
281.2015297158 925.5935017147
538.4377908271 445.3235357153
717.0411187931 902.3371483582
962.4217040797 7.6891917906
130.7520824795 347.4951416858
14
487.9616761690 516.0968565282
945.9564893828 968.5502032068
404.5089610292 17.6210167291
956.5808540965 319.5784484567
249.7344013034 903.0230490652
280.6579085516 323.3060499023
527.5804685138 713.6733346413
170.2401203342 142.8593160308
465.3582399477 409.4284678068
653.5470653574 875.2244403342
123.6504558716 207.9508635249
73.3199620774 452.8838501004
580.5075849087 826.1835116301
256.3827216690 761.9702280032
14
368.6526516861 421.4371418795
694.0307454249 21.3019649186
890.6201707159 608.5538804657
604.5534289254 729.6163477684
391.6252212980 313.1258815364
655.4284565786 575.5976012514
365.9099043962 915.0272024231
415.4561976387 109.6698199838
808.1040449810 905.6829002869
53.1887557898 641.0012808723
871.3364772841 179.2220461895
806.6202834299 995.6513567777
874.0698870302 731.0288838953
959.9357166405 195.4482061189
14
750.8429251568 602.8494290986
955.3981120579 496.6118385546
160.6279858070 419.0312914859
758.3941503464 651.3589624800
833.4516012588 367.0845996566
571.8650299921 18.4084775019
399.2077777383 380.5431755817
949.1200648686 569.9569831420
302.7927804887 723.0438140737
284.9218449930 766.4145375322
969.6839780294 12.5925015585
331.0971304735 720.3432869485
839.1474153859 94.9914820138
292.2393916971 384.2997096452
14
911.8963944422 90.9906023266
731.7056442374 566.6884456938
308.4179672446 834.0198378978
544.4173490452 186.9477913513
914.8764998943 768.6281223180
481.7705761395 62.4213858233
118.3245589404 338.1099249559
720.0595726036 733.0937571082
463.9324925414 394.5671554035
119.0044049681 526.0918687046
220.4307780101 620.8612617464
789.0361521266 749.6027637331
577.6670436882 791.4968726736
282.6229228015 972.0882012749
14
276.3913561194 875.7256474558
630.2796684091 263.6260041867
905.6794765147 545.2375200307
389.2718250406 663.0048024224
394.9765967988 781.0768838404
864.2148886868 74.8260327112
603.4573686127 323.7016286481
155.5526240689 162.4281132886
221.7044867524 52.1245392441
937.7054968258 693.2861752671
484.6147191800 71.3515869508
422.4340509879 849.8823310353
260.0195168943 910.6798341489
594.5133220055 168.3359538470
14
611.7230362633 371.8256586906
804.7139787121 156.3204516455
890.1767350454 289.2070754830
200.8860276927 670.0776737571
850.2250594899 580.5280511661
358.2621468957 259.7493917668
49.2623706450 265.3191846774
814.5787080392 576.6375038133
776.1675830672 514.5918142199
493.1524436673 640.6617420419
446.6113121659 26.3204782291
876.8609466912 421.6855900012
687.6446691009 943.8118437038
573.9586530248 733.7949791886
14
740.7231313855 548.8838608283
492.0759669509 309.0457076710
189.5677963621 506.3415260327
946.2710575048 685.8091657145
412.6331105859 203.1919126796
481.1119313621 807.8397256641
43.4682535609 277.0531773919
831.1850919600 770.1619982620
348.9649390205 943.4435736036
579.9280633085 982.3495073868
219.4233839848 989.2074695794
335.3482556009 569.9279019121
952.3205824282 205.4513213866
722.6592604096 998.7843931100
14
170.9922146358 589.4090117306
381.3410702400 497.9277707697
755.6366125958 541.4484965506
92.4892523431 758.2163313581
83.3918630999 171.5318907854
301.4610614860 915.0765350228
466.9140474592 600.7424807179
358.9803522580 104.5765093779
159.2773865790 513.1798448461
946.7892658762 121.4939490918
180.9438693878 614.5197556392
685.1944177988 158.8135708121
499.7486029430 488.8922257282
894.0774200442 299.9106924428
14
163.5991756336 195.9190121088
600.0485954521 828.3578710861
833.2022966111 907.8941958235
430.9475723200 552.5314423045
73.8996029073 78.7253230953
965.6273589598 625.0906414915
913.6284691076 472.0915384558
922.2111213107 263.9196452524
197.1268308030 424.8373894489
30.2288819989 402.5081559491
808.9665245319 290.7742010251
155.0411029977 217.3186073846
174.7327056960 437.4856865563
617.6783328145 159.7106841196
14
600.3231386947 344.8427407214
418.7653292521 312.2464123652
103.1933972355 78.8148720768
283.8605911138 105.9155607302
163.5765726244 154.1312077218
836.5118943223 168.9098557479
79.9218987274 915.8625760400
385.4502529882 157.6799012822
190.4485334287 323.0131780123
180.2919377964 265.9360877615
302.8260494836 46.1884174954
602.1029143871 478.3156490203
154.6613614131 283.8643157457
891.2588520005 151.0140589205
14
773.5320199058 603.6528048700
958.7615171946 706.9435085452
218.8628729440 297.3140259382
797.3882308986 95.9164061497
887.0573359390 420.0533902182
925.8037259122 843.9907147548
35.8903348817 170.3612405701
484.7882960601 80.9548205085
335.1764360000 741.7060156849
898.6625907943 78.9938176960
55.9521153427 9.8861975710
571.2521169742 194.8576839408
157.5275629201 589.1215925896
653.6612774185 926.7574314037
14
903.4821212691 317.5952286453
863.5124905723 515.8399109774
955.6059966661 875.4009165879
297.0747945254 185.8565138357
966.1429394782 988.9522845202
407.6325488716 53.0341805997
582.9717814902 261.7535050703
815.8089997383 411.9430148540
711.0440757912 87.5297866620
775.5195415571 168.6069644436
469.9254488832 368.4026880502
902.2856093475 924.8460722494
431.0579459009 986.0781287136
668.9096504923 825.9690323503
14
946.4289154809 141.8324663964
905.6624190936 317.1524552115
252.6800280383 610.9008386496
764.8105220720 220.3982326928
120.1514019723 882.7876894202
464.8676855694 866.5174761930
360.0769797625 171.4237076184
279.6642988333 63.8961880891
271.8027214837 808.5091158466
777.0413708736 823.0707167028
24.3112673362 745.2549929264
76.9595700386 477.9408977975
95.6587894672 949.6354738707
749.0349465959 254.0617193789
14
466.0815372154 868.4807665050
316.6244844518 603.0069883151
151.4581685604 486.5940166814
489.0657716739 312.7352779583
882.8592271092 274.9607479727
178.5880258478 350.7333492595
700.0943675924 284.4817414308
394.0402999923 927.2021044750
283.6502217393 437.9499159447
616.9343621134 967.8376432042
859.2965492530 438.2541152374
733.8824081815 406.9102038637
360.1360047641 428.0763442951
407.4811473465 824.1853143836
14
219.3312963119 4.4392458754
658.8330331367 295.3161283860
463.6013933953 887.3413843307
68.5451547489 219.2549664332
946.3852820914 556.3483933337
165.1077537512 311.4428519198
458.3454043911 971.7921263547
942.5129625874 614.5112311877
558.0209826608 134.8857683765
597.4692368350 691.2738299280
285.4978595906 840.4386232782
673.9508155125 271.4573718594
546.2741615881 458.5184804543
315.9606314789 75.7273969012
14
97.0963476802 666.7059954621
118.1731118921 156.0511871277
157.4439167001 878.6985951969
92.0738157496 857.5224142614
662.2071266156 748.0406714584
331.1095889133 531.5239787733
885.4137941260 460.5608670277
979.5689931762 478.3631212168
414.0238929316 120.6965230208
799.6010825572 699.0797762936
528.3752733426 734.1257174742
331.9764239303 461.0515439020
503.6261675890 300.0725648301
497.3774243368 903.5936063466
14
649.5128963342 727.4703140025
139.3557973811 339.0769982656
583.7175805135 29.9336189052
43.6943307770 574.6346385170
58.9082471748 79.6875259703
298.6376819072 278.2101865908
798.3251495882 707.1163226520
127.4610486253 909.8392811145
360.1435053691 63.8266991932
761.9078359231 807.0835481483
818.0352715510 189.5745611050
544.2914957129 555.3586213978
361.4667162428 167.7208123979
443.8332576213 173.0879781561
14
950.3259609044 621.6532595618
504.1826237448 390.5580280455
621.3089609647 897.7124695298
932.3536955386 212.7111881387
464.0291225801 700.6211993632
716.8021611792 911.0585365498
776.2355978523 182.9610353072
618.7499933748 494.0110629929
666.8657629684 706.3910766076
295.5829922450 367.0649973335
958.8189749505 285.3445491865
776.2387049403 249.6538133990
280.3248768839 281.3831015912
171.5265238526 142.8627928793
14
329.0913377479 50.5144615699
135.5654007115 491.9170314352
77.1504983412 131.4143223992
319.1314620961 181.9695675609
103.4806873140 160.4263458119
214.2318223295 257.1621387808
625.2055177438 781.4074536640
755.9431422110 457.5551507705
596.8893941664 910.8734892708
208.6437605931 822.3665495330
89.2906522817 172.4056420173
672.2775107955 555.9147075723
862.9482286338 647.2288634864
265.4308912031 142.1632502558
