20
12
825.2502930380 660.4768647441
822.2620729580 561.4656837964
332.1744371029 189.9602249261
350.7875102631 448.1914695061
912.0711130625 994.1055617617
643.2824990321 330.0552052488
172.2151077421 374.8770823893
172.6472040070 342.4822877423
964.2714173201 428.9261039271
398.7892265658 997.8607913318
258.4037861320 565.2341395092
187.4281597294 335.4332639614
12
882.5241932003 962.6726727629
528.9794846655 316.9169660452
980.6136048490 538.6063479140
850.8702853574 100.2011935016
137.2310796542 743.8704859225
18.8293316257 26.5264392429
255.2045317244 234.1340478358
661.4770677304 332.2504314766
739.2855093778 967.5261104669
915.9767071216 654.8022027060
754.7489035668 943.1783432800
558.7203246584 428.4035408724
12
341.3286607032 220.5865413079
70.2642141661 424.3742112154
76.4349636712 557.1411845296
271.8534128022 968.2204776369
943.3533105844 363.8279476283
343.2378881612 467.7438984072
847.6072888581 651.2007452991
136.1681525778 731.8924388997
547.7894439742 663.3759786587
413.8152314528 629.9229328462
760.4338946865 765.8908146089
637.6273769152 685.1415465176
12
847.8734486040 694.4610306544
485.5548816738 294.7173156237
848.6795560205 119.2213877006
567.7993617437 220.9867647124
776.5190112979 479.0054923076
114.3553032002 586.7782238339
452.6614421606 890.8176563536
102.3618763613 848.6873546858
879.3754109677 671.3371440428
364.2743631669 575.7926092353
602.6883502553 527.3605279901
743.4684152728 509.2477025840
12
108.9564732869 15.3936776334
536.8394704439 442.3101508074
77.5624074694 823.2661216287
878.6367463605 185.8718364659
949.8717958981 388.3647986409
327.1580009518 219.1844674577
935.2008798970 834.3564462560
194.1408429934 854.3108018983
638.8656450008 475.4646862002
409.7091355910 890.7075768699
100.7057670418 841.8188787736
305.1773927549 876.3486941339
12
749.6975296726 151.0021256308
462.5745286077 791.4655683450
725.5778191416 792.7914872933
440.7317253973 541.6094469637
311.2334091282 13.5517173920
624.9150578610 451.3444762577
935.3869721627 231.5231929666
49.1222035822 545.8014244133
5.2211771524 909.2865573944
665.0253461750 244.4144314687
772.3923116598 65.3930085296
527.1237414246 89.8780288001
12
907.6878143717 783.7010728425
102.9250365077 214.3564475973
320.3812651388 706.5501456094
332.6129259875 643.5960628209
206.0676967985 82.4856593134
175.9758455821 684.3152237855
956.5420657360 265.9443321654
122.3948547992 612.7041977597
142.4226591611 552.6333163836
410.9831120618 950.3379855622
191.0360796411 463.1370973444
609.8260511763 215.4998593086
12
355.7192501362 925.1105001517
468.5218201748 851.6514300149
196.3418536098 78.7934606355
227.6915743964 600.0068415902
601.3068449021 254.9637953487
315.3270596182 901.4256797682
818.5469486689 618.5680709418
278.1173619029 838.5729987744
753.1364235826 802.1668949668
573.9332624926 592.0239231646
767.0554470592 142.0239689572
741.1539042355 367.8706994360
12
164.1489705879 802.4570986891
370.5329440366 722.5729462122
361.3790309340 333.6491093039
157.5513155666 93.1289281310
87.7677075920 496.2910005359
626.5465538223 274.3991981399
776.5113626600 199.4262001316
26.6759664665 470.4535925921
138.5406135385 359.2144500582
510.9652950611 189.1625513237
447.0077762868 410.9364981187
930.2296020182 148.5454597213
12
322.0322676608 267.5877306556
884.5264494488 135.6097295407
738.9689817748 506.7846846062
776.6780999850 236.1874756086
483.5934989540 97.7673496015
804.8826418755 877.0480470426
533.5333539616 971.6264569744
403.2561326937 525.6565501522
996.9338047300 561.9269874467
431.1023422852 430.1921520273
408.1742871243 517.9932782664
160.3740427169 9.7304387585
12
586.6107050194 959.4436341195
906.9905053257 107.6984422442
705.8528384758 616.0349267392
606.5982415189 631.7539674484
419.1013412254 507.8387061827
290.0568998221 28.9049935780
73.3869516477 703.5373247731
126.5380188462 714.9297869896
531.3461532147 655.0448708632
12.4382759187 461.0418574759
374.7013137743 816.5943019868
18.3788006618 851.0103304789
12
256.4120515514 773.1922651367
663.1587654161 49.3742111128
654.2237618391 677.7807786402
180.3163179560 761.7651181836
864.8575178337 203.4837740655
878.0621229458 364.6508670806
960.1396050979 551.6428736962
868.9877807068 184.5492716789
168.6362198276 217.0317368388
251.1944707589 95.1025206651
224.5074912433 385.7017415247
838.7026659866 158.1459080180
12
234.7032610783 699.1389627982
288.7740513106 170.3683853124
722.7196430199 66.5839661052
595.1647374391 314.1557632469
681.7900131020 116.0628585681
233.7231728800 916.9632635609
791.5053674312 589.4275621128
980.2594648887 47.7392789235
353.2044767322 141.8543462286
16.5292162200 894.9053375069
573.1725046710 897.7275395345
531.6483043776 471.7634577243
12
786.9527851145 724.4369101977
847.5057155066 461.2767364145
481.4724147947 748.1414692834
668.9483453106 250.1613554160
750.6239792332 186.2077062369
88.1371184831 651.9026875565
855.2944068940 419.4526834362
193.7862544335 407.1543785686
272.1556355847 526.6316176699
728.6591010908 382.2138348104
751.5634395079 166.3711853344
372.2188977043 983.4879170804
12
877.2832394979 869.0388094777
540.2083168112 175.9631184383
702.2209851852 460.4020169610
274.5666145422 120.0883983838
152.7880345001 511.2257054221
697.3797383368 372.8807244850
119.2305303832 340.3251327997
499.2587565393 475.1709940960
186.2225807514 447.7083825894
471.0476020994 255.9715907468
631.8850078617 166.9888877871
507.3754414173 196.7575278818
12
707.2696015245 44.8245336866
539.0517525461 854.2585994023
598.2469885586 848.6147915497
422.2344569960 819.3169013361
24.8474078368 336.4059863529
824.4387997569 26.9455795431
994.2452763658 112.8635632087
294.8034132751 959.2430849054
935.3853213383 849.4901466866
406.9212408177 916.1786731128
13.8771212224 596.4335249424
105.2773392496 76.9250209227
12
567.8463901728 570.8935343679
579.6642442694 974.4314111581
24.6899961295 318.6373920798
926.6282005099 242.3488995719
499.6563257937 487.5726014042
959.4731862717 560.0652093870
387.6765486541 501.5793523447
214.5793175638 2.4871922968
322.3381236097 890.6456223416
560.2255923978 979.6839750697
99.1527284914 983.5866639901
706.0839052686 405.0607079476
12
562.7559119195 373.1854637596
182.7955895792 926.6785578882
574.7824610568 468.4709626094
97.2178471637 186.2885688162
542.2604674916 895.4283965525
336.1126612740 571.8611786425
257.1801243614 678.8256062898
730.2219553854 999.6628993511
395.2604474749 713.9823310140
881.7158384315 517.6391931723
689.1418857895 620.0876538104
288.1221801428 844.9744170000
12
354.0724308299 642.4451067528
583.3089841670 6.8719728196
350.5414421437 916.7789944317
206.1078025105 112.8806437992
96.6039721892 823.9172256152
227.6522409748 848.5912121167
651.9807044439 954.9202487501
509.2094334258 505.2469348242
612.5660981288 983.5614463523
185.7048115004 970.4208552680
912.8284209586 387.8006319299
588.7049058700 501.2181292145
12
267.1834340088 31.6892001625
712.3715656637 296.3473664322
176.0035914277 358.8101101237
338.7647219450 419.5681303177
266.8425755535 276.0174525070
14.9046066276 77.6636246862
565.0064083686 243.5257289087
793.6815133425 806.8495431754
562.6423970112 665.9217684946
87.3145634429 971.5618974898
440.9992489021 108.3868189628
180.1068647065 57.2588673264
