49
222.0484692234 880.7895325524
430.3160344415 331.9210594159
587.1283490468 167.3951450914
447.7410140254 548.8782343732
481.2962795154 235.6587596838
643.2219044608 49.9257916149
570.1093355450 990.4222355324
731.7795905661 515.4971262021
689.0132081096 324.9020692691
63.7301822669 566.2328888094
287.5363811407 750.4816982569
995.6301117238 457.2689294200
88.7909213680 686.7462530027
990.8252192231 63.1039921995
923.3243305934 55.9536434880
745.5857153489 501.9942909615
469.4110529003 822.9137757727
245.4121519102 702.1098847323
636.9069319606 765.8411909378
893.9752675113 748.8081502048
147.8430309202 595.7332968384
934.7400110226 745.4879378344
624.9082175813 304.7224822922
270.6351508591 818.3360770472
633.9950082272 33.8008634184
486.4614250570 573.1695356185
245.3125303846 687.9304484766
887.4774946755 105.2708325679
624.7766377764 430.9879406459
134.2894975065 490.7720233496
690.7777138947 492.9497305233
292.2555214131 952.8470065861
409.8315529744 751.6072745175
623.8415695168 790.7289447210
312.4700653133 865.6721155293
274.8304866226 759.6593182072
683.3307273083 417.8660928112
58.0816838169 231.1281352072
292.3490898062 556.1804806624
709.0316170233 707.4333489847
35.7310846947 502.3761175135
96.9157645157 882.0202594128
307.1072371736 171.2979722218
207.1435839609 684.9999237680
591.8894057535 916.7590024669
788.5915167164 753.0784838498
665.1335048978 978.8321012094
221.5794160418 549.0423822529
32.5795924232 86.2228286220
