20
8
40.7372237702 425.8227510964
663.1589593953 743.7337012465
763.6242418343 20.7145659442
874.0993451057 425.9431759978
412.5928840689 583.3755267314
493.8176552765 324.3504397503
427.0790523708 730.0437815925
519.6239684972 360.7449851551
8
829.3147957509 7.6832035492
44.3501888797 280.2408424684
288.5255894950 211.5876839235
808.0658180599 442.3521043290
807.6668198979 742.1307481355
772.3419614339 335.4674122938
678.2796229663 772.9967973390
552.3417197737 428.9204117298
8
799.1356380192 114.6067326318
650.0521993391 885.3528799999
650.8771881237 269.1453958172
269.2473345266 260.8816229881
861.8855632113 276.7609461656
680.0360738598 97.5857544007
331.1441578227 295.1372264948
628.9409054258 692.6781775415
8
428.6919586962 708.5820444711
383.7435576164 961.6765506170
114.1701989646 677.4756082747
75.3757898797 966.1103447131
460.3899518377 819.8842322426
885.9834044995 388.8029908774
219.6601248467 545.3545517221
405.7823502174 923.7406726360
8
724.9469504810 560.2571981572
262.8191270652 208.6332688311
293.0094412403 592.6309949242
0.8422814992 304.2833420025
637.6875393665 526.8230262919
32.6580476238 557.9727730953
772.9655573803 610.8220405581
569.9230092883 257.4626056445
8
871.4187232929 118.6831431905
365.3660154221 707.4064871821
868.4527246342 242.9943512732
937.4298096068 248.8692395947
164.7844288426 228.3908059427
642.9376228838 15.1482571214
789.9508387112 242.5926649101
335.0763252105 436.5573681246
8
449.8459204352 853.6237490488
157.8808663074 105.9351124460
218.1456885590 39.8181039577
621.1976384971 658.4292541242
105.5249565454 60.7168669142
569.4837021800 645.2753882901
897.0110802381 271.7110108920
175.4124333814 859.5150683592
8
972.5441278227 986.0590877531
104.5632887974 115.8822581393
255.6401563859 807.7484202017
13.7473055635 249.8050311253
923.1483348360 829.4805398880
617.5085666182 632.5673377137
693.8919464637 471.2340771065
40.1110349568 800.0328598426
8
597.3809172250 659.7168288749
622.2865639975 396.2368710847
983.6090492142 791.2986712876
836.2067263331 948.7376757037
956.5732879929 35.3967993351
208.7124192017 784.5853327125
685.6927488803 104.3564483083
892.7632504046 128.7887284732
8
591.8192704589 953.0750342929
273.3063882024 458.8831187376
262.9112797360 777.5343760791
292.4070885486 108.0344170479
308.2142261842 822.8214512476
272.1789742625 753.9847304590
333.0991506677 266.4803202952
104.3280904533 191.4186666941
8
229.2782365892 168.4665643942
762.8558060877 856.3481594580
942.8564621698 765.6031809400
760.8811207307 403.0156821850
471.3140487736 427.6438371671
908.6152603088 631.4590976408
355.0110016650 441.5000142493
190.0824559036 960.6226940741
8
196.0997270886 986.5043893228
220.8782261813 764.7983172548
995.2701974632 442.6857319691
739.9933393775 724.0805530164
94.1128532430 754.1737666875
779.7729339044 234.9526640364
559.5241124221 419.8255758741
785.5185832088 796.5559177205
8
890.5279492410 681.0542556156
160.0624112831 894.3669049674
992.2446310016 97.2890536353
693.5837550073 955.2391035601
43.3127794216 803.4262085767
664.7347499584 825.2541822686
869.3680921646 777.4323996326
562.4239200517 634.1725804640
8
805.8515347455 372.5974498801
756.9073589170 201.4374265924
870.0289201024 789.4462680127
118.1662936020 999.3754290571
446.8936267768 56.2555862401
357.0821496963 96.1675530082
726.8313118887 978.3016172578
976.2180050560 168.0371414359
8
323.8275836780 986.2917446150
123.5963721500 695.3703852726
909.5001776628 392.8570841571
465.2365472143 464.8771853137
178.1524386600 446.2823583585
376.3972733599 535.4872761584
158.3553132090 808.1865904613
466.2977130256 556.2178961803
8
935.7806061283 369.0509086062
24.2156983698 64.3389178405
136.3035552818 729.5109617168
864.1223774415 744.7398167987
549.8531772535 234.7760581583
127.1149011073 237.4272980843
588.7614302439 652.2534107309
724.1958831146 134.1013459180
8
957.3663854668 388.2094809063
41.1846844255 280.4734053764
542.7945353111 412.7064692908
170.0679070804 839.1630625992
427.9129363261 890.6134814789
101.7054373374 984.5067949417
511.9251009713 637.2402092853
601.6608592353 698.3074102274
8
913.0850847910 34.3502696648
731.2092777216 953.8914224670
442.1130536749 609.9963609219
338.7157573897 429.2388481153
301.2459071875 838.5384865761
15.5678406094 158.7427555862
491.1862143790 91.3380796442
169.2327316460 550.4467338013
8
79.3465588902 988.4401004362
757.3413794294 688.0062695154
289.1085182951 328.4704249694
244.7444289491 291.5406168753
793.3409662159 509.5291862246
158.5174754708 397.7655806309
493.9924092565 426.4668959819
190.8376600139 680.3315158686
8
568.6606389737 839.5209975815
728.9398388101 750.4882926750
486.4168150634 910.2312252371
308.0500780484 733.6992453051
266.9159503693 759.2982426962
930.3442236211 304.5944642642
223.7334158677 299.0307884344
928.9407484037 961.2275121600
