38
713.3824988457 782.4009004794
603.9154922072 664.1387976912
457.2425192339 825.1744398025
980.2202275865 158.3374639850
121.2003535843 526.9351313892
560.9750170279 875.6341402128
795.5608730855 729.8999472768
323.0299566841 697.9417332609
832.3558124665 263.0531888390
757.0866068265 508.9162522758
321.1520535009 842.9022037083
339.9601491765 684.8218492557
434.8819236085 757.4385918095
388.1641120411 591.3449355065
33.5388068673 854.2934746527
514.8895687239 411.4774818645
124.7387218347 135.5820309950
519.1051583180 534.3747138517
204.2124481360 589.6000860873
410.7876776667 134.8872203925
620.2680359658 504.4583868505
158.3589926448 804.5107026513
653.1586539925 601.8444268259
889.1726739224 725.9497066574
463.3383919971 291.1613730398
318.4142832428 481.3699003935
342.6162260648 274.3046428090
245.2534233802 900.4822792180
647.5360866635 477.0930321134
704.6728034988 532.5608536429
109.3420633229 649.4286833452
521.5759520295 770.0823924115
910.5973436269 393.8246850796
959.7764981811 708.3773621768
801.6318450956 790.4566131104
730.0960059536 472.5861174740
34.5664325941 866.7123359978
482.0789300236 252.1502610657
