21
948.7159394289 118.9061410040
624.2154588875 101.0852855610
570.2982904623 538.3140273697
912.8032531166 2.8031055979
591.6778446161 673.8922770413
621.3984472199 39.2373006308
699.1449473192 835.2082682162
726.5097482574 939.5846206196
615.2692160728 404.8677275358
647.0999550953 105.8053244478
837.0161046480 898.3549972262
690.1635383663 867.3014928135
378.0496444467 549.4937088600
103.2293060796 525.6312872749
838.3420144859 941.1480120116
302.8971824922 915.8909700351
723.5606144273 656.7516368580
62.3367589399 260.7524640620
6.3620992058 314.0237091499
823.3466561249 393.2222719148
179.4152795269 326.2276193317
