23
595.1413520887 619.6023201420
863.4075498844 955.0368745308
819.1231229566 974.0659505742
989.8278446175 422.9661473524
40.4434338492 388.5273728994
249.7265678294 112.1161124379
544.4026386927 859.2148562801
896.4937665883 318.2053723863
759.4052699732 508.6910155799
667.7819807994 263.6663446517
789.5190173598 295.9349219041
924.1133176480 199.3293582926
105.1030174721 783.1169115034
547.0231414156 657.8934349603
291.4167006421 709.0281516239
884.2051403460 769.6756015727
607.0066471606 594.6635305211
985.7756015534 936.0142929237
791.2741787487 415.6821131415
999.1856206816 630.3887530385
520.8801333917 118.0536913830
490.8012910709 206.9209731759
545.3544817589 23.7293267661
