47
634.9902758875 894.4098826657
618.9479410937 278.1639032881
207.5663632498 832.9101987472
384.6354006037 447.7347119076
252.0940362370 226.5581185558
504.9703656451 864.4092538838
931.0847841818 568.1388829779
553.1699650151 640.6701697123
44.4779086515 712.1382766538
469.4369754590 494.3358148106
633.8954675686 469.3100713782
498.4694471771 886.9818775214
258.1093482560 786.8375956493
601.3161587058 802.2387164792
789.4200105129 331.7078476473
809.8386833880 43.0974975082
776.2179272291 975.2696252857
491.2788380056 940.2531887238
959.5382932889 289.8426780230
839.9183995748 68.8298304524
950.2584746464 122.3792486399
591.3880162181 286.0201150731
157.4530793911 612.1315666508
531.5773640858 458.1806274811
40.4918667235 173.1260148409
877.1058052045 852.0787192453
96.0990891041 289.8781751453
145.8581025475 129.2969345101
694.6021905632 207.8692151486
476.7112143206 675.4778320823
414.9320296556 417.4314512026
960.6053694070 672.5773296941
329.6642276987 407.4420354506
149.7086985639 806.6786182137
99.4029056866 913.7634290518
432.2830755199 931.9608055314
529.9304105826 552.3985353339
992.0706925712 849.9965318585
983.3120512456 109.7366988547
206.6437019701 606.2062059884
354.1769741867 518.9414058108
816.4719880023 98.6764197215
856.6843642085 399.5398322510
771.9043196075 977.5958019003
913.2154609026 267.7693008837
740.6708647865 130.6062804178
762.0258520241 313.0303700490
