34
431.2375262508 567.4908412126
555.7514426369 227.8169668148
158.2759065949 579.6017258460
261.2797179451 394.7592061783
247.1204769440 781.1767790019
727.9972951624 966.7943520846
981.6806951934 923.3028236218
529.0523248486 820.6317040850
250.2936098933 784.1885214436
368.8767438351 368.3811271712
883.6662291801 337.4777276817
537.8850811034 736.4520409801
300.7258973739 680.1101247321
902.7869228028 490.8284876822
504.9397447383 224.2979021267
644.1879953834 634.6500214505
405.5419774565 528.9320593476
525.2270521827 218.8758377562
658.0658693843 973.7745725125
70.2983285365 341.8155559802
74.7353827273 795.7064062100
915.7775951998 710.8975607464
779.3664314653 128.7766700506
424.0204000342 59.4461216337
835.6026597476 255.3677513740
697.5427295274 955.5828195120
781.7661788456 701.7031767320
710.4089708355 972.3042665961
577.4715124085 365.2383393694
509.9958123204 329.2895777978
416.6080461395 537.1353831749
641.7072000376 811.0034298702
657.1030529220 49.0741367487
337.9576982227 382.4627504564
