20
10
808.7124929266 166.0434100876
516.0300079673 939.1137518224
189.1596143785 115.2349641180
892.0892135200 942.0289689135
174.0653187662 705.7125574307
903.2854471693 76.5138983192
547.4873031813 44.3838536727
368.5061574844 675.6986601900
270.4895045327 8.2699791980
672.8430163123 460.0149062277
10
975.3220057651 879.2668585142
571.3448863469 605.3234706682
19.1212289339 567.2865193655
826.3267645875 324.9895947638
39.6440461548 167.8991419455
869.5850940930 794.3681860908
158.9878982998 584.7265761176
257.1746315446 399.2415984221
376.2071423928 152.6508574636
803.4263000869 27.7339969711
10
530.7338217607 95.2233139959
442.2057772094 713.5952204875
280.3014949555 254.6521798624
778.3954143400 289.5759145823
551.1846710766 324.4773923231
643.9336827271 353.6215411360
108.6214228439 980.1077612724
969.5870160305 36.7667885910
437.7800842004 819.6009843160
678.4252155975 708.6098509479
10
210.1924987614 555.1196346357
514.4055945807 811.8638744618
555.2007808943 55.6896130415
463.7788663826 268.3202074423
450.7711697968 986.9637164832
811.9751932416 912.2304638909
717.5745556443 920.8544828171
387.4761066898 484.1290620091
286.4577913166 701.4077016272
664.1570245695 51.1962541037
10
461.9742542692 192.2329736887
367.4556387402 633.9635403411
510.6914827444 53.9276161820
941.8464628527 390.4582563556
184.7591922250 822.5415471583
336.6868946146 340.2135991477
550.8546572352 353.8074149942
827.3667155498 822.9567678262
736.5415603996 546.4177969896
465.9825586090 242.2661704273
10
551.1180032211 511.5162851825
399.7413294245 413.9422089022
564.4485413253 282.8257274239
138.2648004487 573.5350776750
332.9235854155 369.8209755636
656.6262110496 981.5437980909
351.7018034471 970.2879697670
287.8117044003 893.5247619740
276.5832645676 493.8446330112
636.3301504741 546.5636109333
10
895.6406999692 212.3496145753
316.5547222378 152.2739199319
575.7421321429 529.8503623691
999.0511941791 248.4527987067
172.1659044094 739.4527218610
882.6534774331 506.9129757659
288.4052083364 673.1376781978
24.2056693368 55.5219878873
683.3962177336 226.4760186043
953.7146869641 78.8126702263
10
226.7167097937 692.4220223766
105.1655334301 872.3371396517
298.7249021767 631.7043488621
368.7906344955 858.5428958510
938.0697678480 879.6631136066
422.3426242780 266.9846016280
396.7549979272 936.5466291551
661.2591663336 616.9074691833
24.9149502807 785.6027403353
678.9771819965 624.9971207858
10
866.9447145041 424.8025131125
407.2838722636 286.9320184714
516.2966597987 823.1705617674
688.4464596567 338.3102504210
713.4788835497 163.9167372504
250.4885242433 963.1729341766
998.1508787691 350.9519621681
459.3895366511 918.8583898210
892.7121650184 768.1586081280
632.7838827178 375.0370413539
10
684.8583070302 757.4007236921
993.8338253284 335.6212030275
563.4138982412 795.4906885230
257.6695254338 96.8699635655
917.4805540972 434.5946060084
944.9494889933 316.2318665538
708.3471069738 100.3900540036
793.7384714540 21.7917502196
370.8488243300 441.8959231567
218.9453950292 202.1220150038
10
119.4878927123 569.7738429655
420.8288719445 881.1558599944
98.0630930279 780.0559041040
214.3712827722 660.7467761472
685.4883424243 543.3227334960
507.1369613417 550.0498946620
813.6229424187 327.1788103548
409.4307514159 3.5391183064
217.8349542238 372.2838938045
150.2900953789 332.7375618045
10
53.7561818942 529.7468523751
238.1517289643 996.6561551430
353.6842340512 429.9423189551
283.3440255783 563.0925037291
631.7084628521 850.2823763229
562.4076782952 629.2397982407
541.1875128968 738.1583446642
26.9043769242 179.8471443201
301.2578549286 282.6124090535
673.5669735913 439.8328397852
10
64.7138653417 780.7670589246
932.6133254200 16.1582869240
362.2793184744 10.4640729601
325.9296352833 282.6640243373
879.4654800534 756.9210615228
199.1867044720 689.4888172586
250.1749319189 602.3650181590
856.2855955257 135.0150692097
181.1866534459 297.9313214949
523.1390080566 891.4843324443
10
890.7190485661 963.2003802300
771.3979485182 608.7787504074
387.9015785112 84.2428180134
6.9525032024 188.1567704408
8.0743159941 418.3422170316
262.8373620608 901.3681539197
462.7128529915 472.3624211539
282.5556539383 223.9765102904
20.2969328599 950.6720762048
870.0830313875 239.8187798680
10
848.2064461549 865.9853833721
445.2012538639 937.8331655397
52.8383013027 525.0253349168
764.6446664855 819.4595050495
507.1233449762 941.9242398129
542.1422136584 819.7718541583
652.7486566232 197.9642645385
616.4448282057 102.1769485599
61.6841943956 578.8827174854
243.7883679434 643.9155576175
10
686.7756820063 164.2059491222
404.1228410791 694.4964582958
873.5647722730 619.6686326977
591.9952631865 397.9920882213
768.9906316592 995.8977153548
850.6525063027 996.6063575857
494.7185823243 200.6415543964
759.3573754670 433.1082811214
672.6064549923 858.8903592623
552.1182866383 101.1127798060
10
809.4137990057 355.3212861441
653.3236596790 728.5781014915
933.2777660079 443.0022158737
901.6031656382 933.9011733401
886.1792267033 498.6192601712
643.7874918152 307.7515891040
403.2558123317 823.7057565292
591.9796790255 123.8933661586
878.5716887961 768.9480894198
518.9033260080 308.1412944525
10
801.2297216603 167.0360665738
357.9702832634 263.2853299502
210.1005670163 881.5906622619
661.5024200472 135.7249101746
174.7744529708 922.9102735303
25.3821118125 260.4002897133
547.0195772725 53.1690942054
498.6510161789 475.7437678038
271.0064623293 645.0270432514
179.5194209222 394.9450544366
10
765.8211567122 506.4413317806
835.7951345370 491.7451323811
325.8114726395 623.4107409049
414.7157106828 893.0841509757
794.7451238669 251.0193361145
894.6600234273 52.3912202689
956.4639214519 486.0637910056
460.0937820470 807.1183497864
253.7285749664 407.8047621201
334.7432415727 352.2796655348
10
959.5221394644 504.1295429254
197.7180487812 394.2946520422
866.0124845146 808.8597496956
404.7807590159 369.6216538706
23.2339220269 77.1638750428
197.5759566838 256.4815737679
987.5104584117 695.2686092202
252.1824927304 724.2734323656
784.4813098382 435.2157761339
859.2123545048 105.5485066254
