20
8
790.7492169320 177.8828228270
327.1095650893 280.0732553260
876.9869529547 430.6051427600
280.6271782574 798.9844389272
409.8371935421 150.6862059341
622.1853473677 129.8022687525
548.3368529778 452.8172400927
125.2946001198 794.8877201468
8
389.2952076445 178.6090986699
976.3440794504 769.6451645714
142.0988282401 902.0711732388
286.0750969529 549.4763982709
452.4964993881 461.3454998143
695.2806131472 300.6663007577
525.0880301225 752.7952439176
743.0164426682 14.8344942150
8
978.5670028443 957.8797603101
885.0566052548 100.2428234466
902.9775117277 496.6185024698
596.8024595704 247.8996019669
822.6065886649 942.4862102087
323.6814382199 87.7019193420
968.2499778001 18.5231076668
364.2958495240 344.7388149302
8
979.7112081803 382.2642964601
414.4766898444 108.4810575408
438.3046563966 790.7683240190
121.3492062957 664.8200923996
134.8837078298 354.6547632481
657.5468754980 382.9943988389
49.0532532541 325.7823023774
440.3897413070 776.8621284018
8
49.1576792285 78.9228732193
877.4841805725 776.8723840528
87.7862720640 501.7501902773
86.9644538482 877.0158459273
529.1255353681 430.4336288588
128.9456510737 690.3760137507
925.0404092913 233.7318488127
230.6014396680 495.3306256545
8
196.4506829364 654.2777726291
954.0640718385 426.5291230376
47.4971116085 531.7800123168
65.1377156973 236.5144101922
539.1837138099 144.9674508226
936.0639704080 760.3077612428
763.7746281064 817.0451662852
858.8145718321 240.2506106827
8
151.7868262298 268.6865423819
226.3524816320 45.1343018603
779.9962176146 334.1498444336
244.2278924283 908.1352965864
706.2865533128 526.4722949318
881.7017883101 512.2959614444
282.3969093538 206.9111073958
697.6870671447 355.0035856983
8
550.1699016953 672.4626179607
555.0806509575 476.7317346293
446.7165149995 36.6978760473
830.9154381360 412.5692548786
960.1345008055 621.8519953421
479.9854585337 151.6666380822
743.5987879644 228.6886318053
110.8346320900 362.4322615847
8
261.7080781100 262.0766295559
974.0587588286 857.6175189639
275.8677260253 281.5438201705
915.4877593594 608.2238540158
719.0154752245 146.9766308804
256.7532632029 324.2645363367
875.4368258634 209.4147356655
954.5074210377 893.3738626751
8
254.3367390854 745.5181558444
952.0630439141 442.5665995791
58.2236628460 371.4087109299
554.8538762543 348.3882937209
682.4228817429 615.4408609538
84.4670372552 534.0617395909
699.7280357312 553.4306843527
909.6479097845 487.0827478905
8
270.6488989696 942.0949376190
213.1213478394 667.0651239474
323.8495217516 237.6954075059
47.6352220509 96.3289645801
422.7445793279 419.8907880010
272.3982781862 388.6720788870
6.9548581013 625.2741591348
212.5384702555 515.7567824320
8
184.4057260884 585.5554758958
832.6932174055 342.2070646941
108.6453573275 285.3730451782
873.8522052339 840.8705550145
143.8284968585 808.8737858745
232.7013899917 955.3548891167
345.8692833607 458.9247725630
439.2229030691 465.3055905276
8
877.8148606239 116.9203217244
76.4344206838 540.8066582638
762.2468913728 865.7923330009
540.1779785240 279.4948817178
482.4673070957 314.6052222223
722.7006031710 735.8019185495
247.3274527433 665.5800097501
606.7205828987 710.7102880948
8
600.3680690863 998.4696107426
775.5302018959 643.3621949390
142.1149088005 908.5413645453
704.7061989329 61.1268969442
324.8652538053 928.2804636348
365.7726800046 306.9098035305
389.9314627391 809.1732269285
691.4674477001 321.8835960681
8
71.5117403299 250.3835125565
257.7430622617 482.5827520994
509.2823514711 265.5088725121
407.1233051060 872.1871682139
751.0127045919 826.0455183166
429.2756292794 535.1888497377
450.7664436453 501.3419102071
758.1602630830 690.1013727156
8
121.9218174146 902.6679244743
972.1549514393 365.0915965254
282.6255577432 441.4022243945
746.6657936017 341.0898447590
484.9662804900 108.3142947962
818.5762263298 758.6929545979
403.9142542690 95.7253477948
783.2345883130 352.1063953337
8
300.2305506059 924.3263375201
169.1203132667 107.2982774102
653.3759651705 661.1546420513
596.1912905777 907.5099226347
569.4780082539 820.2376657778
736.1521416794 876.6728193666
293.0655186151 104.1072288856
896.5978430945 39.0252277982
8
63.6661248483 697.8128580989
900.1412367547 126.8610857468
411.4577984319 685.6258960115
955.5307830158 249.9775993204
590.8460044681 328.4545603098
420.2595420718 159.1563087316
371.7723286545 850.5650210786
602.4092904144 331.8563978967
8
264.9350572282 581.7222660853
563.4545649278 100.3245641462
912.4003510013 421.0705203441
938.1854209519 97.6752228386
30.4440372018 666.4574706364
554.7114805058 620.1325444852
692.7567175385 95.7019343493
65.1673978115 337.8731062178
8
669.9236815935 786.2158239269
84.0525972687 171.2583332658
666.2869332787 691.0344021602
821.9064373212 257.8533489928
403.5999170743 651.2872192124
613.2209086321 968.7161984826
101.5647974043 859.5232412845
938.4090303965 800.6423126537
