26
210.5208092699 223.5465875608
2.9296009047 639.2082407025
156.9871765287 741.7305796041
196.4254080120 820.4282084438
562.2297071092 842.5979456863
760.1135535935 521.9871574651
56.2223810547 119.2687462996
962.4384135224 473.7567104199
157.3536890626 651.2243165823
974.7712221195 688.8702153965
320.0484007545 928.7080669355
760.3454036323 85.2639333746
514.4645916128 954.7011181754
816.5434331583 312.2070920513
805.0149265671 514.7627407195
228.0222917243 208.3643206590
233.8592414120 494.2885583825
637.5547762809 526.7857853043
443.7152501086 387.0366461684
852.0984139832 553.6987799986
25.9705744837 87.2242186895
679.1727956945 315.7881249967
77.7276656978 238.7267121487
461.0515155999 851.7372464802
569.3544757108 861.0132089713
452.7191224382 176.3377410509
