17
290.7429844845 100.3187404102
372.2069284083 977.6674895186
696.3069636618 968.2883020910
17.9182243683 544.0681581455
199.7438691895 59.4533757630
141.3416713443 878.4152138057
335.3828641443 56.8321651359
239.9350397921 373.7550795935
961.5114950523 699.5494532491
561.2950752011 766.0574656747
754.3524199146 647.2668656655
766.6851807552 612.7273895412
546.2688456922 817.3854149501
480.5549448023 929.5915282561
79.3894713881 689.8624292104
161.1775160827 15.6363630208
187.0098589892 381.4478044347
