46
31.9421545015 420.6921014858
979.5201717362 286.2198881045
579.1493888165 995.5311200508
902.4228558993 706.6497338806
12.3039518062 807.5556340341
13.2786006435 667.9325424268
203.7914460091 158.1320899543
77.3173307794 710.1136802438
227.2089976451 936.7043006643
38.2231221125 231.8176027066
100.5890428998 94.0539450873
460.8864761288 431.9828608044
192.9265896805 57.5927829698
718.4350101053 460.3769961579
366.8083772724 103.5851088772
117.2165898810 893.7834228391
578.8670335965 640.6648214241
669.7840122652 761.4655729810
96.9160206421 548.0719346538
727.3716223569 255.4631535782
73.1507827797 929.2425146904
146.5301297941 810.9700261860
347.3295502198 468.4434821994
913.7529405800 31.7277205589
166.4587481229 626.2994827976
805.0643279034 403.7340106290
201.6134812275 58.0636187290
981.0060210396 661.2622490815
322.4003069573 666.5998198423
559.6262686702 785.7571150331
706.6937379964 708.1362826923
977.5080889088 623.2857650161
757.3792136300 76.2446768277
661.1501655345 463.5119385759
91.4715852488 489.2030535851
16.5426754884 463.1246096375
793.4844730447 389.1426467774
83.7378418930 149.9483129547
11.0482259081 590.6166124875
670.2543521575 104.8799137049
140.7636252089 107.3637986952
90.9471561069 392.6545008563
274.9536958683 959.9819811642
688.8257969925 777.9433974263
291.5402315093 943.4967409262
968.5385430522 64.4865018370
