44
288.7873494056 556.4246277969
790.2710064048 168.0469239235
626.7718607472 368.1352186109
119.5393435148 408.4767126993
25.5257629528 546.1299163699
737.2775571558 303.0178389480
79.7849050356 189.2986737744
877.1452347948 836.3882126774
153.7031627901 409.6275095967
766.2116324785 555.4340716717
81.8870882040 93.9976051076
131.8849235156 119.9406117187
98.6654497492 368.3797488692
352.7484277602 774.2560909106
84.5541850570 553.3513548943
992.3353935500 538.3022864740
636.6128710361 580.7777041606
11.4185722161 814.4693907946
12.3494720758 275.0969687034
184.6016156655 364.2354064173
731.8301961508 934.5410927935
102.5112609351 232.5357292278
694.0868327924 421.0806866234
552.3123285379 690.3463445651
63.1420928972 736.7222513801
591.8558029712 259.7768245377
13.4482362613 59.1838259769
707.6829347153 935.3996829948
422.8479358251 442.1348554103
456.1646177603 386.1145169202
729.3133801156 370.8079121804
96.3882288043 180.2204966273
514.7600860587 88.0247772152
830.9932023876 347.3860443499
350.1202930241 120.0498971744
491.5268181438 699.1752704216
434.5793856233 375.5151641822
958.9816691778 317.5526147937
213.9914864746 678.6163201595
156.2311983206 577.5600483601
400.1259514652 874.4089014538
598.9379542428 934.2247492744
822.1917049007 983.1946950828
950.0594509461 490.5245430335
