31
241.2673913845 708.4600610993
789.8193960113 33.4056269687
845.9622647453 848.9496287357
351.6261561596 176.3304143294
557.7174125852 935.2382929713
492.0906941947 533.1097762663
11.7431173453 614.7221758346
685.9846940393 778.3858123706
168.8449410690 427.9094181310
83.7203966897 719.0300391225
803.4385950150 331.1199029178
369.3578619000 792.5379763928
234.7559065972 985.4071822601
981.3332159738 20.3284153398
310.7100468929 112.7319626210
891.9293403269 601.3136347063
250.0182245342 317.6380842233
451.5722073910 880.9480205159
37.9435215476 400.1330695524
629.3055423067 634.0511234612
431.6943904069 552.4322373778
720.4608275911 477.5012723366
906.1992747560 540.8958540622
763.0698137561 625.6344704430
717.8452881395 803.5286666625
819.8628282014 126.7896161957
95.8354800655 687.6809638263
333.2867142251 835.7375023761
775.6821702736 22.7789016304
539.3234094071 850.2532023193
701.4004914206 808.1550164040
